1
0.999638
0.998938
0.997957
0.996313
0.994363
0.992243
0.989566
0.986638
0.983648
0.980208
0.976567
0.972951
0.968976
0.964837
0.960794
0.956475
0.95202
0.94771
0.943195
0.938568
0.934129
0.929545
0.924867
0.920403
0.915843
0.911198
0.906785
0.902317
0.897765
0.89345
0.889112
0.884688
0.880495
0.876293
0.871983
0.867872
0.863745
0.859478
0.855373
0.851246
0.846951
0.842794
0.838622
0.834274
0.830049
0.825823
0.821421
0.817131
0.812859
0.808416
0.804077
0.799772
0.7953
0.790929
0.786613
0.78214
0.777767
0.773472
0.76904
0.764713
0.760495
0.756166
0.751952
0.74788
0.743726
0.739701
0.735847
0.731936
0.728158
0.724573
0.72095
0.71746
0.714175
0.710864
0.707681
0.704711
0.701734
0.698888
0.696272
0.693665
0.691191
0.688953
0.686729
0.684615
0.682716
0.680805
0.678959
0.677287
0.675569
0.673867
0.6723
0.670656
0.668991
0.667435
0.665789
0.664097
0.662497
0.660803
0.659047
0.657377
0.655615
0.653781
0.652028
0.65019
0.648276
0.646444
0.644535
0.642545
0.640633
0.638651
0.636583
0.63459
0.632531
0.630381
0.628304
0.626174
0.623957
0.62182
0.619645
0.617388
0.615215
0.613016
0.610736
0.608534
0.606308
0.603991
0.601742
0.599468
0.597096
0.594783
0.592447
0.590011
0.587632
0.585241
0.582754
0.580327
0.577903
0.575391
0.572947
0.570523
0.568022
0.565595
0.563204
0.560748
0.558375
0.556055
0.55368
0.551393
0.549173
0.546908
0.544735
0.542642
0.540512
0.538474
0.536525
0.534546
0.532658
0.530866
0.529043
0.527309
0.525672
0.524004
0.522416
0.520923
0.519394
0.517934
0.516565
0.515155
0.513802
0.512535
0.511222
0.509953
0.508767
0.507531
0.506328
0.505205
0.504028
0.502875
0.5018
0.50067
0.499555
0.498515
0.49742
0.496332
0.495318
0.494248
0.493177
0.492179
0.491126
0.490065
0.489077
0.488038
0.486984
0.486005
0.484978
0.483936
0.482969
0.481961
0.480936
0.479989
0.479007
0.478007
0.477087
0.476138
0.475167
0.474276
0.473359
0.472416
0.471549
0.470656
0.469728
0.46887
0.467984
0.467053
0.466181
0.465277
0.464313
0.463398
0.462443
0.461417
0.460425
0.459389
0.458268
0.457175
0.456032
0.454798
0.453582
0.452318
0.450957
0.449609
0.448214
0.446715
0.445223
0.443686
0.442042
0.440404
0.438728
0.436947
0.435174
0.433374
0.431477
0.429595
0.427698
0.425713
0.42375
0.421787
0.419746
0.417734
0.415735
0.413668
0.411634
0.409626
0.407558
0.405525
0.403526
0.401467
0.399443
0.397455
0.395405
0.393383
0.391398
0.389357
0.387352
0.385403
0.383418
0.381487
0.379635
0.377764
0.375955
0.374235
0.372498
0.370816
0.369222
0.367607
0.366038
0.36455
0.363034
0.361551
0.360145
0.358704
0.357288
0.355947
0.354569
0.353208
0.351922
0.350599
0.349288
0.348052
0.346781
0.345515
0.344325
0.343099
0.341866
0.340696
0.339473
0.338212
0.336986
0.335677
0.334298
0.332931
0.331471
0.329932
0.328407
0.326801
0.325121
0.323466
0.321746
0.319963
0.31822
0.31643
0.314586
0.312793
0.310968
0.309095
0.307281
0.305444
0.303565
0.30175
0.299924
0.29806
0.296267
0.294473
0.292646
0.290896
0.289156
0.287387
0.285697
0.284025
0.282325
0.280704
0.279104
0.277475
0.275921
0.274392
0.272828
0.271339
0.269877
0.26838
0.266955
0.26556
0.264127
0.26276
0.261417
0.260025
0.25868
0.257346
0.255943
0.254567
0.253186
0.251721
0.250266
0.248801
0.247244
0.245695
0.24414
0.242499
0.240871
0.239252
0.237562
0.235904
0.23428
0.232611
0.231
0.229455
0.227897
0.226424
0.225048
0.223685
0.222429
0.221291
0.220183
0.219195
0.218343
0.217537
0.216869
0.216361
0.215924
0.215643
0.215536
0.215506
0.215625
0.215905
0.216235
0.216678
0.217241
0.217811
0.218448
0.219164
0.219849
0.220566
0.221337
0.222056
0.22279
0.223568
0.22429
0.225018
0.225791
0.226507
0.227228
0.227998
0.228714
0.229434
0.230206
0.230931
0.231662
0.23245
0.233197
0.233952
0.234772
0.235559
0.236357
0.237228
0.238071
0.238929
0.239865
0.240779
0.241705
0.242709
0.24369
0.244675
0.245729
0.246752
0.247764
0.248834
0.249861
0.25086
0.251906
0.252902
0.253856
0.254848
0.255784
0.256671
0.257589
0.258451
0.259256
0.26009
0.260865
0.261578
0.262314
0.262991
0.263596
0.264219
0.26478
0.265263
0.265758
0.266193
0.266545
0.266909
0.26722
0.267451
0.2677
0.267907
0.26804
0.268198
0.268325
0.268383
0.268472
0.268536
0.268537
0.268573
0.268595
0.26856
0.268567
0.268573
0.26853
0.268539
0.268561
0.26854
0.268576
0.268631
0.268646
0.268716
0.268807
0.268853
0.268946
0.269057
0.269116
0.269213
0.269327
0.26938
0.269464
0.269564
0.269599
0.269661
0.26974
0.269754
0.269794
0.269856
0.269857
0.269884
0.269942
0.269944
0.269975
0.270046
0.270068
0.270122
0.270225
0.270285
0.270382
0.270536
0.270655
0.270814
0.271038
0.271233
0.271469
0.271776
0.272059
0.272378
0.27277
0.273136
0.273533
0.274001
0.274439
0.274899
0.275424
0.275915
0.276419
0.276985
0.277512
0.278043
0.278633
0.279183
0.279731
0.280337
0.280903
0.281464
0.282085
0.282669
0.283246
0.283886
0.284494
0.285094
0.285762
0.286405
0.287041
0.287748
0.288437
0.289119
0.289877
0.290623
0.291364
0.292182
0.292995
0.293802
0.29469
0.295577
0.296458
0.29742
0.298384
0.299342
0.300381
0.301428
0.302463
0.303579
0.304704
0.305814
0.307002
0.3082
0.309377
0.310629
0.311891
0.313128
0.314435
0.315752
0.317039
0.318389
0.319749
0.321072
0.322453
0.323842
0.325186
0.32658
0.32798
0.329328
0.330717
0.332111
0.333445
0.334811
0.336181
0.337487
0.338818
0.340153
0.341421
0.342708
0.344003
0.345228
0.346467
0.347716
0.348895
0.350084
0.351285
0.352416
0.353551
0.354698
0.355776
0.356852
0.357943
0.358962
0.359973
0.360998
0.361951
0.36289
0.363842
0.364722
0.365582
0.366455
0.367257
0.368035
0.368825
0.369546
0.370239
0.370945
0.371584
0.372192
0.372814
0.373373
0.373898
0.374439
0.374921
0.375369
0.375835
0.376247
0.376624
0.377022
0.377371
0.377686
0.378024
0.378319
0.37858
0.378867
0.379116
0.379333
0.379578
0.37979
0.379972
0.380186
0.380373
0.380531
0.380724
0.380898
0.381046
0.381234
0.38141
0.381564
0.381762
0.381956
0.382135
0.382364
0.382597
0.38282
0.3831
0.383395
0.383685
0.38404
0.384417
0.384797
0.385247
0.38573
0.386222
0.386789
0.387397
0.388016
0.388715
0.389461
0.390222
0.391063
0.391953
0.392858
0.393842
0.394878
0.395925
0.397048
0.398221
0.3994
0.400649
0.401945
0.40324
0.404597
0.405996
0.407385
0.408825
0.410303
0.411762
0.413261
0.41479
0.416293
0.417825
0.419381
0.420902
0.422442
0.424002
0.42552
0.427049
0.428592
0.430089
0.431587
0.433098
0.434559
0.436014
0.437478
0.438888
0.440286
0.44169
0.443038
0.444365
0.445695
0.446966
0.448208
0.44945
0.450629
0.451771
0.452907
0.453976
0.455002
0.456017
0.456961
0.457853
0.458729
0.459531
0.460276
0.461001
0.461652
0.462239
0.462805
0.463296
0.463722
0.464126
0.464459
0.464724
0.464971
0.465151
0.465267
0.465367
0.465408
0.465387
0.465356
0.465273
0.465136
0.464993
0.464808
0.464573
0.46434
0.464076
0.463769
0.463471
0.46315
0.462795
0.462456
0.462106
0.461727
0.461371
0.461012
0.460632
0.460281
0.459935
0.459573
0.459244
0.458925
0.458596
0.458302
0.458026
0.457741
0.457493
0.457266
0.457034
0.456841
0.456673
0.4565
0.456366
0.456261
0.456153
0.456086
0.456049
0.456011
0.456013
0.45605
0.456087
0.456166
0.456281
0.456398
0.456557
0.456755
0.456957
0.457202
0.457487
0.457777
0.458109
0.458484
0.458864
0.459284
0.459747
0.460215
0.460719
0.461267
0.461815
0.462397
0.463019
0.463638
0.464287
0.464972
0.465652
0.466354
0.46709
0.467817
0.468561
0.469337
0.4701
0.470876
0.471679
0.472468
0.473266
0.474089
0.474894
0.475703
0.476535
0.477348
0.478159
0.478991
0.4798
0.480602
0.481421
0.482215
0.482997
0.483792
0.484558
0.485306
0.486064
0.486789
0.487491
0.488198
0.48887
0.489514
0.490161
0.490771
0.491349
0.491927
0.492467
0.492972
0.49348
0.493951
0.494386
0.494823
0.495226
0.495594
0.495966
0.496309
0.496616
0.496929
0.497215
0.497468
0.497729
0.497965
0.498167
0.498376
0.498564
0.498718
0.498878
0.499019
0.499123
0.499233
0.499326
0.499382
0.499443
0.499488
0.499493
0.499504
0.499501
0.499459
0.49942
0.499369
0.499277
0.499189
0.499091
0.498953
0.498817
0.498673
0.49849
0.49831
0.498126
0.497905
0.497687
0.497468
0.497214
0.496965
0.496719
0.49644
0.496165
0.495897
0.495597
0.495301
0.495013
0.494694
0.494377
0.494069
0.493729
0.493389
0.493058
0.492694
0.492325
