1
0.999261
0.998091
0.996669
0.993946
0.99086
0.987834
0.983805
0.979511
0.975506
0.970732
0.965734
0.961162
0.955991
0.950601
0.94571
0.940351
0.934755
0.929689
0.924259
0.918574
0.913444
0.90805
0.902395
0.897313
0.892069
0.886574
0.881679
0.876731
0.871555
0.867004
0.862493
0.85776
0.853623
0.849543
0.845162
0.841262
0.837373
0.833091
0.829194
0.825307
0.820998
0.817039
0.813141
0.808836
0.804872
0.801029
0.796807
0.792923
0.789218
0.785165
0.781439
0.777941
0.77412
0.770618
0.767391
0.763868
0.760653
0.757752
0.75458
0.751698
0.749159
0.746366
0.743837
0.741669
0.739262
0.737093
0.735302
0.733283
0.731475
0.730055
0.72842
0.726967
0.725906
0.724642
0.723529
0.722814
0.721913
0.72114
0.720769
0.720219
0.719756
0.719676
0.719398
0.71914
0.719214
0.719054
0.718837
0.718905
0.718716
0.718412
0.718367
0.718063
0.717615
0.71742
0.716988
0.716393
0.716051
0.715494
0.714758
0.714273
0.713595
0.712722
0.712093
0.711295
0.710288
0.70952
0.708605
0.707465
0.706556
0.705522
0.704253
0.703212
0.702072
0.700694
0.699541
0.698318
0.696855
0.695608
0.694307
0.692748
0.691377
0.689951
0.688236
0.686667
0.685036
0.683084
0.681244
0.679347
0.67712
0.674989
0.672822
0.670334
0.667945
0.665557
0.662872
0.660294
0.657759
0.654955
0.652272
0.649677
0.646842
0.644141
0.641566
0.638783
0.636146
0.633672
0.631017
0.628516
0.626211
0.62375
0.621449
0.619372
0.617159
0.615105
0.613294
0.611365
0.609586
0.608061
0.60642
0.604913
0.603658
0.602285
0.601019
0.599998
0.59885
0.597782
0.596948
0.595983
0.595071
0.594386
0.593565
0.592774
0.592205
0.591502
0.590807
0.590328
0.589717
0.589098
0.588693
0.588162
0.587604
0.587256
0.586787
0.586277
0.585973
0.585556
0.585079
0.584803
0.584419
0.583962
0.583701
0.583339
0.58289
0.582633
0.582285
0.581842
0.581587
0.581253
0.580813
0.58056
0.580241
0.579809
0.579557
0.579247
0.578811
0.578545
0.578228
0.577768
0.577463
0.577106
0.576587
0.576205
0.575769
0.57515
0.574642
0.574073
0.573297
0.572606
0.571846
0.570856
0.569925
0.568921
0.567674
0.566469
0.5652
0.563684
0.562205
0.560679
0.55891
0.557173
0.555399
0.553377
0.551373
0.549341
0.547064
0.544804
0.54254
0.540047
0.537582
0.535147
0.532508
0.529912
0.527377
0.524664
0.522004
0.519434
0.516709
0.514041
0.511482
0.508779
0.506128
0.503593
0.500913
0.498268
0.495729
0.493033
0.490344
0.487752
0.485001
0.482256
0.479646
0.47694
0.474317
0.471929
0.469546
0.467314
0.465371
0.463459
0.461687
0.460184
0.458685
0.457278
0.4561
0.45489
0.453729
0.452764
0.451744
0.450741
0.449918
0.449035
0.448156
0.447454
0.446696
0.445928
0.445333
0.44468
0.443999
0.443473
0.44287
0.442195
0.441622
0.440911
0.440035
0.439163
0.438064
0.436712
0.435313
0.433687
0.431837
0.430007
0.428049
0.425958
0.423975
0.421953
0.419857
0.41792
0.415993
0.414023
0.412232
0.410473
0.408672
0.407045
0.405452
0.403808
0.402329
0.400884
0.399378
0.398026
0.396709
0.395323
0.394083
0.392879
0.391602
0.390466
0.389375
0.388212
0.387188
0.386219
0.385176
0.38427
0.383421
0.382495
0.381696
0.380953
0.380124
0.379407
0.378744
0.377982
0.377316
0.376692
0.375954
0.375289
0.374655
0.373891
0.373181
0.372501
0.37169
0.370935
0.370227
0.369404
0.368652
0.367972
0.367203
0.36652
0.365932
0.365272
0.364705
0.364251
0.363734
0.363318
0.363026
0.36268
0.362434
0.36232
0.362157
0.36209
0.362154
0.362166
0.362264
0.362495
0.362673
0.362931
0.363321
0.363655
0.36405
0.364562
0.36499
0.365435
0.365954
0.366343
0.366696
0.367087
0.367318
0.367484
0.367677
0.367714
0.367693
0.36772
0.367623
0.367488
0.367434
0.36729
0.367131
0.36708
0.366963
0.366844
0.366849
0.366805
0.366763
0.366854
0.366906
0.366959
0.367147
0.367302
0.367453
0.367734
0.367982
0.368213
0.368567
0.368882
0.369164
0.369555
0.369895
0.370179
0.37055
0.370855
0.371077
0.371361
0.37156
0.371652
0.371788
0.371834
0.371761
0.371731
0.37162
0.371397
0.371229
0.371003
0.370681
0.370431
0.370151
0.369794
0.36953
0.369262
0.368936
0.36872
0.368522
0.36828
0.368162
0.368079
0.367959
0.367968
0.368024
0.368049
0.368202
0.36841
0.368583
0.368881
0.369235
0.369551
0.369985
0.370475
0.370919
0.37147
0.372077
0.372631
0.373278
0.373976
0.374611
0.375327
0.376088
0.376774
0.377527
0.378316
0.379017
0.379768
0.380546
0.381226
0.381939
0.382672
0.383299
0.38395
0.38462
0.385179
0.385757
0.386359
0.386851
0.387361
0.387902
0.388339
0.388791
0.389284
0.389681
0.390097
0.390564
0.390943
0.391344
0.391808
0.392194
0.392606
0.393089
0.393502
0.393939
0.394455
0.394904
0.395374
0.395921
0.396399
0.396886
0.397445
0.397929
0.398405
0.398943
0.399394
0.39982
0.400298
0.40068
0.401021
0.401404
0.401687
0.401918
0.402188
0.402358
0.402471
0.402623
0.402681
0.402682
0.40273
0.402693
0.402602
0.402569
0.402468
0.402322
0.402249
0.402127
0.401973
0.401908
0.401815
0.401703
0.401696
0.401679
0.401652
0.401743
0.401839
0.401932
0.40215
0.402382
0.402612
0.402969
0.40335
0.403728
0.404236
0.404771
0.405304
0.405968
0.406667
0.407365
0.408197
0.409074
0.40995
0.410965
0.412031
0.413095
0.414296
0.415551
0.4168
0.418181
0.419618
0.42104
0.422584
0.424181
0.425754
0.427437
0.429167
0.430858
0.432644
0.434468
0.43624
0.43809
0.439969
0.441779
0.443648
0.44554
0.447348
0.449199
0.451064
0.452833
0.454629
0.456434
0.458135
0.459848
0.461566
0.463172
0.464777
0.466386
0.467876
0.469352
0.470827
0.472176
0.473501
0.474822
0.476015
0.477171
0.47832
0.479338
0.480309
0.481273
0.482103
0.482876
0.483641
0.484273
0.48484
0.4854
0.48583
0.486189
0.486544
0.486775
0.486935
0.487096
0.48714
0.487113
0.487095
0.48697
0.486778
0.486602
0.486332
0.485998
0.48569
0.4853
0.484853
0.484439
0.483957
0.48342
0.482926
0.482375
0.481776
0.481223
0.480625
0.479983
0.479394
0.478771
0.478108
0.477504
0.476875
0.476211
0.47561
0.474994
0.474346
0.473767
0.47318
0.472567
0.472028
0.471493
0.470936
0.470458
0.469994
0.469517
0.469129
0.468765
0.468397
0.468125
0.467891
0.467661
0.467538
0.467465
0.467404
0.467457
0.467573
0.467708
0.467964
0.46829
0.46864
0.469114
0.469665
0.470243
0.470943
0.471724
0.472527
0.473452
0.474457
0.475481
0.476619
0.477835
0.479062
0.480397
0.481805
0.483214
0.484718
0.486289
0.487849
0.489492
0.491194
0.492873
0.494618
0.496414
0.498175
0.499987
0.501841
0.503649
0.505494
0.507373
0.509196
0.511045
0.512921
0.514732
0.516558
0.518407
0.520186
0.52197
0.523773
0.525501
0.527224
0.528962
0.53062
0.532263
0.533917
0.535484
0.537026
0.538574
0.540029
0.541446
0.542863
0.544181
0.545448
0.546709
0.547865
0.548957
0.550037
0.551008
0.551906
0.552788
0.55356
0.554251
0.554923
0.555486
0.555965
0.556425
0.55678
0.557048
0.557301
0.557456
0.557525
0.557584
0.557552
0.557436
0.557315
0.557114
0.556834
0.556555
0.556206
0.555784
0.55537
0.5549
0.554363
0.553843
0.553279
0.552657
0.552063
0.551438
0.550763
0.550124
0.549466
0.548767
0.548112
0.54745
0.546754
0.546108
0.545465
0.544793
0.544178
0.543575
0.542947
0.54238
0.541834
0.541269
0.540769
0.540299
0.539814
0.539398
0.539021
0.538634
0.538322
0.538056
0.537786
0.537592
0.537454
0.537317
0.537261
0.537267
0.537278
0.537372
0.537534
0.537704
0.537957
0.538279
0.538608
0.539017
0.539496
0.53998
0.540538
0.541162
0.541786
0.542476
0.54323
0.543974
0.544774
0.545631
0.546468
0.547352
0.548285
0.549189
0.550127
0.551106
0.552048
0.553011
0.55401
0.554964
0.555927
0.55692
0.55786
0.5588
0.559764
0.560669
0.561563
0.562477
0.563327
0.56416
0.565007
0.565787
0.566539
0.567305
0.568001
0.568664
0.569338
0.56994
0.570504
0.571077
0.571581
0.572041
0.572512
0.572913
0.573268
0.573635
0.573935
0.574185
0.574446
0.574642
0.574786
0.574944
0.57504
0.57508
0.575134
0.575129
0.575067
0.575019
0.574917
0.574754
0.574604
0.574403
0.574139
0.573888
0.573588
0.573222
0.572866
0.572463
0.571992
0.57153
0.571024
0.570446
0.569876
0.569266
0.568583
0.56791
0.567201
0.56642
0.565648
0.564849
0.563981
0.563124
0.562244
0.561298
0.560366
0.559421
0.558413
0.557422
0.556427
0.555374
0.554344
0.55332
0.552247
0.551201
0.55017
0.549097
0.548058
0.547046
0.545998
0.544988
0.544013
0.543009
0.542047
0.541126
0.540181
0.539277
0.538421
0.537542
0.536705
0.535918
0.535109
0.534338
