1
0.999348
0.999031
0.999151
0.998012
0.997151
0.996838
0.995335
0.994059
0.993421
0.991661
0.990073
0.989192
0.987249
0.985422
0.984358
0.982294
0.980289
0.979086
0.976941
0.9748
0.973496
0.971307
0.969063
0.967679
0.965456
0.963123
0.961665
0.959416
0.956996
0.955458
0.95318
0.950683
0.949084
0.946808
0.944284
0.942682
0.940474
0.93799
0.93644
0.934335
0.931904
0.930398
0.928379
0.925985
0.924497
0.922535
0.920149
0.918648
0.916713
0.914309
0.912773
0.910842
0.908402
0.906812
0.904872
0.902389
0.900736
0.89878
0.896254
0.894545
0.892583
0.890031
0.88828
0.886327
0.883767
0.881994
0.880068
0.877513
0.875721
0.87382
0.871272
0.869461
0.867582
0.865038
0.863203
0.861341
0.858802
0.856947
0.855107
0.852574
0.850697
0.848877
0.846354
0.844457
0.842653
0.840136
0.838215
0.836426
0.833919
0.831979
0.830206
0.827709
0.825749
0.823993
0.821512
0.819532
0.817788
0.815314
0.813307
0.811566
0.809093
0.807049
0.805298
0.802811
0.800719
0.798948
0.796444
0.794294
0.792491
0.789958
0.787743
0.785902
0.783336
0.781051
0.779163
0.77656
0.774203
0.77227
0.769634
0.767209
0.765236
0.762578
0.760102
0.758104
0.75544
0.752928
0.75092
0.748269
0.745743
0.743745
0.741126
0.738602
0.736628
0.734058
0.731554
0.72962
0.727113
0.724643
0.72276
0.720329
0.717906
0.716084
0.713735
0.711367
0.709613
0.707357
0.705051
0.703367
0.701205
0.698962
0.69735
0.695281
0.693102
0.691557
0.689577
0.687457
0.685974
0.684077
0.682006
0.680574
0.678751
0.676723
0.675333
0.673573
0.671575
0.670213
0.668505
0.666529
0.665184
0.663519
0.661554
0.660215
0.658584
0.656626
0.655286
0.653682
0.651724
0.650378
0.648798
0.64684
0.645483
0.643921
0.641957
0.640585
0.639041
0.637073
0.635683
0.63415
0.632174
0.630762
0.629239
0.627256
0.625821
0.624306
0.622316
0.620859
0.619355
0.617361
0.615884
0.614391
0.612397
0.610904
0.609424
0.607432
0.605921
0.604454
0.602466
0.600939
0.599482
0.597494
0.595944
0.594491
0.592498
0.590917
0.58946
0.587453
0.585832
0.58436
0.582334
0.580669
0.579178
0.577129
0.57542
0.573915
0.571856
0.570112
0.568602
0.566539
0.564763
0.563241
0.561163
0.559337
0.557782
0.555673
0.553789
0.552202
0.55007
0.548139
0.54653
0.544389
0.542425
0.540806
0.538669
0.536682
0.535061
0.532938
0.530943
0.529336
0.527244
0.52526
0.523685
0.521647
0.519697
0.518177
0.516214
0.514319
0.51287
0.510994
0.509155
0.507764
0.505948
0.504128
0.502748
0.50095
0.499116
0.497729
0.495949
0.49412
0.492755
0.491025
0.489229
0.487908
0.486243
0.484493
0.483223
0.481629
0.479926
0.478704
0.477175
0.475516
0.474336
0.472869
0.471246
0.4701
0.468682
0.467087
0.465962
0.464579
0.462991
0.461865
0.460494
0.458894
0.457748
0.456376
0.454759
0.453598
0.452243
0.45064
0.449502
0.448204
0.446651
0.445567
0.44435
0.442865
0.441843
0.440709
0.439293
0.438331
0.437277
0.435924
0.435015
0.434032
0.432736
0.431871
0.430953
0.429708
0.428881
0.428024
0.426829
0.42604
0.425244
0.424106
0.423364
0.422639
0.421572
0.420895
0.42026
0.419279
0.418677
0.418137
0.417248
0.41672
0.416271
0.415463
0.414998
0.414626
0.413889
0.413478
0.413174
0.412501
0.412136
0.411896
0.411284
0.410962
0.410779
0.410221
0.409937
0.409806
0.409301
0.409053
0.408974
0.408522
0.408313
0.408289
0.407896
0.407731
0.407766
0.407434
0.407315
0.407408
0.407136
0.407059
0.407204
0.406987
0.406949
0.407144
0.40698
0.406976
0.407217
0.407103
0.407135
0.40742
0.407354
0.407415
0.407739
0.407715
0.407801
0.408158
0.40817
0.408275
0.408659
0.408702
0.408822
0.409229
0.409297
0.409425
0.409849
0.409941
0.410073
0.410509
0.410616
0.410743
0.411183
0.411301
0.411418
0.411855
0.411977
0.412076
0.412503
0.412624
0.412701
0.413112
0.413228
0.41328
0.413672
0.41378
0.413803
0.414172
0.41427
0.414266
0.414613
0.414705
0.414673
0.414996
0.415081
0.415025
0.415327
0.415408
0.415329
0.41561
0.415689
0.415593
0.415855
0.415933
0.415819
0.416062
0.416142
0.416016
0.416243
0.416323
0.416183
0.416394
0.416477
0.416327
0.416522
0.416609
0.41645
0.416631
0.416725
0.416561
0.41673
0.41683
0.416661
0.416819
0.416927
0.416753
0.416896
0.417008
0.416827
0.416956
0.41707
0.416882
0.41699
0.417103
0.416904
0.416991
0.417102
0.416892
0.416957
0.417065
0.416847
0.416889
0.416993
0.416765
0.416784
0.416884
0.41665
0.416647
0.416744
0.416502
0.416478
0.416572
0.416324
0.416278
0.416368
0.416114
0.416045
0.416129
0.415871
0.415779
0.415858
0.415595
0.415482
0.415557
0.415294
0.415162
0.415235
0.414977
0.414833
0.414912
0.414667
0.414517
0.414604
0.414378
0.414228
0.414328
0.414123
0.413975
0.414088
0.413904
0.413757
0.41388
0.413715
0.413565
0.413692
0.413543
0.413389
0.413515
0.413378
0.413217
0.413343
0.413219
0.413055
0.413182
0.413076
0.412913
0.413047
0.412965
0.412814
0.412963
0.412913
0.41278
0.412951
0.412939
0.41283
0.413025
0.413053
0.412972
0.413193
0.413264
0.413209
0.413453
0.41356
0.413531
0.413797
0.413941
0.413935
0.41422
0.414399
0.414417
0.41472
0.414934
0.414977
0.415301
0.415552
0.415623
0.415966
0.416253
0.416351
0.416713
0.417034
0.417159
0.417537
0.417886
0.41803
0.418415
0.418787
0.418947
0.419338
0.419727
0.4199
0.420294
0.420699
0.420885
0.42128
0.4217
0.421901
0.422301
0.422742
0.422961
0.423368
0.423829
0.424069
0.424486
0.424969
0.425231
0.425657
0.426158
0.426439
0.426869
0.427383
0.427675
0.428101
0.428618
0.428912
0.429324
0.429831
0.430115
0.430503
0.430991
0.431258
0.431614
0.432075
0.432317
0.432634
0.433063
0.433276
0.433554
0.433948
0.434132
0.434369
0.434729
0.434886
0.435084
0.435411
0.435541
0.435703
0.435999
0.436105
0.436234
0.436501
0.436584
0.436682
0.436922
0.436987
0.437055
0.437269
0.437316
0.437359
0.437551
0.437584
0.437606
0.437781
0.437805
0.437811
0.437974
0.437995
0.437991
0.438147
0.43817
0.438163
0.438316
0.438345
0.438337
0.438492
0.438531
0.438528
0.438687
0.438737
0.438739
0.438902
0.438965
0.438972
0.43914
0.439214
0.439226
0.439398
0.439482
0.439498
0.439671
0.439762
0.439782
0.439956
0.440056
0.440078
0.440251
0.440358
0.440383
0.440557
0.440672
0.440701
0.440877
0.440999
0.441033
0.441212
0.441344
0.441384
0.441565
0.441709
0.441757
0.441945
0.442099
0.442157
0.44235
0.442518
0.442588
0.442791
0.442974
0.443057
0.443269
0.443469
0.443568
0.443793
0.444011
0.444127
0.444365
0.444602
0.444736
0.444988
0.445243
0.445394
0.445659
0.445934
0.4461
0.446376
0.446664
0.446844
0.447127
0.447427
0.447616
0.447902
0.448207
0.448398
0.44868
0.448982
0.449169
0.44944
0.449734
0.449911
0.450165
0.450445
0.450606
0.450839
0.451099
0.451242
0.45145
0.451689
0.45181
0.451992
0.452208
0.452308
0.452466
0.452662
0.452743
0.452879
0.453056
0.453122
0.45324
0.453405
0.45346
0.453568
0.453726
0.453778
0.453879
0.454035
0.45409
0.454193
0.454356
0.454421
0.454533
0.454707
0.454787
0.454914
0.455107
0.455208
0.455352
0.455566
0.45569
0.455857
0.456094
0.456244
0.456433
0.456695
0.456873
0.457087
0.457376
0.45758
0.457818
0.458132
0.458365
0.458628
0.458969
0.459228
0.459514
0.459879
0.460164
0.460474
0.460861
0.461169
0.461498
0.461907
0.462237
0.462584
0.46301
0.463357
0.463719
0.464159
0.464523
0.464897
0.465349
0.465724
0.466106
0.466568
0.466955
0.467344
0.467812
0.468206
0.4686
0.469074
0.469474
0.469872
0.470349
0.470755
0.471156
0.471637
0.472047
0.47245
0.472933
0.473348
0.473753
0.474239
0.474658
0.475063
0.475548
0.475968
0.47637
0.476851
0.477267
0.477662
0.478134
0.478542
0.478923
0.47938
0.479772
0.480135
0.48057
0.480941
0.481277
0.481684
0.482024
0.482327
0.482699
0.483006
0.483269
0.4836
0.483866
0.484087
0.484375
0.484599
0.484775
0.485019
0.485203
0.485338
0.485543
0.485689
0.485785
0.485953
0.486066
0.486131
0.48627
0.486358
0.486396
0.486511
0.48658
0.4866
0.486699
0.486755
0.486762
0.486851
0.486902
0.486904
0.48699
0.487041
0.487041
0.48713
0.487187
0.487194
0.487289
0.487355
0.487369
0.487474
0.487555
0.487582
0.487701
0.487798
0.48784
0.487976
0.488093
0.488153
0.488307
0.488446
0.488527
0.488704
0.488871
0.488975
0.489178
0.489373
0.489506
0.489738
0.489966
0.490129
0.490391
0.490653
0.490847
0.491141
0.491438
0.491663
0.491986
0.492315
0.492568
0.492917
0.493273
0.493548
0.493917
0.494294
0.494586
0.494966
0.495355
0.495652
