1
0.998876
0.998254
0.998414
0.996472
0.994899
0.994407
0.992054
0.989951
0.989118
0.986619
0.984233
0.983222
0.980702
0.978151
0.977035
0.974552
0.9719
0.970708
0.968281
0.965561
0.964311
0.961948
0.959174
0.957854
0.955528
0.952673
0.951242
0.948901
0.94592
0.944323
0.941925
0.93882
0.937105
0.934755
0.93171
0.930102
0.928038
0.925279
0.923948
0.92226
0.91981
0.918718
0.917334
0.915114
0.914172
0.912995
0.910918
0.910042
0.908995
0.907003
0.906145
0.905185
0.903246
0.902385
0.901498
0.89961
0.898744
0.897931
0.896109
0.895262
0.894548
0.892825
0.892025
0.891427
0.889819
0.889076
0.888595
0.887092
0.886385
0.885989
0.884567
0.88387
0.883531
0.882165
0.881461
0.881163
0.879848
0.879138
0.878881
0.877614
0.876889
0.87666
0.875433
0.874681
0.874459
0.873251
0.872456
0.872226
0.871031
0.87019
0.869946
0.868755
0.867858
0.86759
0.866397
0.865437
0.865128
0.863918
0.862882
0.86252
0.861283
0.860161
0.859729
0.858449
0.857231
0.856722
0.855396
0.854074
0.853476
0.852092
0.850661
0.849966
0.848518
0.846971
0.846167
0.844647
0.842982
0.842073
0.840488
0.838716
0.837711
0.83608
0.834228
0.833155
0.831503
0.829599
0.828484
0.826842
0.824919
0.823792
0.822186
0.820271
0.819156
0.817611
0.81573
0.814648
0.813183
0.811356
0.810325
0.808955
0.807198
0.806226
0.804957
0.803274
0.802366
0.801202
0.799597
0.79875
0.797686
0.796155
0.795362
0.794389
0.792926
0.792179
0.791286
0.789883
0.789175
0.788354
0.787
0.786319
0.785561
0.784253
0.783594
0.782889
0.781617
0.780967
0.780305
0.77906
0.778411
0.777781
0.776553
0.775894
0.775289
0.774076
0.773403
0.772815
0.77161
0.770917
0.770342
0.769143
0.768425
0.767853
0.766653
0.765904
0.76533
0.764124
0.763336
0.762746
0.761523
0.760687
0.760074
0.75883
0.75794
0.757299
0.756031
0.755091
0.754426
0.75314
0.752152
0.751464
0.750165
0.749136
0.748431
0.747122
0.746052
0.745327
0.744007
0.742896
0.742145
0.740804
0.739639
0.738846
0.737472
0.736239
0.73539
0.733967
0.732653
0.731738
0.730265
0.728877
0.727906
0.7264
0.724966
0.723981
0.722491
0.72106
0.720099
0.718647
0.71721
0.716228
0.714742
0.713215
0.712131
0.710553
0.708912
0.707737
0.706103
0.704396
0.703179
0.701536
0.69981
0.698589
0.696971
0.695252
0.69405
0.692483
0.690805
0.689663
0.688191
0.6866
0.685564
0.684236
0.682782
0.681892
0.680739
0.679437
0.678689
0.677675
0.676453
0.675727
0.674694
0.673372
0.672498
0.67132
0.669842
0.66884
0.667611
0.666119
0.665148
0.66401
0.662621
0.661761
0.660767
0.65951
0.658771
0.657913
0.656768
0.65612
0.655363
0.654294
0.653701
0.653007
0.651974
0.651386
0.650702
0.64965
0.649013
0.648277
0.647143
0.646392
0.645551
0.644296
0.643412
0.642472
0.641137
0.640198
0.639271
0.637992
0.637139
0.636344
0.635208
0.634489
0.633843
0.632841
0.632228
0.631691
0.630779
0.630227
0.629754
0.628891
0.628362
0.62792
0.627078
0.626554
0.626131
0.625308
0.624788
0.624395
0.623608
0.623121
0.622787
0.622074
0.621657
0.621419
0.620814
0.620498
0.620377
0.619888
0.619668
0.619648
0.619252
0.6191
0.61915
0.618815
0.618701
0.618795
0.618504
0.618417
0.618549
0.618298
0.618235
0.618403
0.618191
0.618146
0.618339
0.618151
0.618111
0.618319
0.61815
0.618111
0.618329
0.618173
0.618133
0.618358
0.618215
0.618169
0.618397
0.618262
0.618205
0.618432
0.618302
0.618233
0.618458
0.618335
0.618263
0.618495
0.61839
0.618319
0.618565
0.618486
0.618428
0.618693
0.618644
0.618596
0.618874
0.618849
0.618808
0.619097
0.619091
0.619054
0.619352
0.619368
0.619337
0.619645
0.619682
0.619657
0.619976
0.620038
0.620024
0.620352
0.620433
0.620421
0.620752
0.620848
0.620833
0.62116
0.621262
0.621237
0.62155
0.621652
0.62161
0.621901
0.621993
0.621929
0.622196
0.622273
0.622181
0.622416
0.622477
0.622357
0.622564
0.622611
0.622466
0.622643
0.622676
0.622509
0.622664
0.622689
0.622507
0.622646
0.622673
0.622485
0.622615
0.622649
0.622461
0.622588
0.622635
0.622454
0.62258
0.622638
0.622459
0.62258
0.622647
0.622468
0.622583
0.622656
0.622476
0.62258
0.622657
0.622474
0.622566
0.622642
0.622452
0.62253
0.622602
0.622399
0.622452
0.622511
0.622289
0.622313
0.622355
0.622108
0.622095
0.62211
0.621834
0.621782
0.621772
0.621466
0.621378
0.621345
0.621014
0.620891
0.620836
0.620483
0.620327
0.620254
0.619883
0.619701
0.619612
0.619224
0.619014
0.618912
0.61851
0.618275
0.618159
0.617742
0.617482
0.617352
0.616924
0.616641
0.6165
0.616063
0.615764
0.615621
0.615188
0.614885
0.614753
0.614341
0.614053
0.613952
0.613581
0.613326
0.61327
0.61295
0.612739
0.612738
0.612476
0.612311
0.612362
0.612156
0.612031
0.612128
0.61197
0.611875
0.612007
0.611887
0.611818
0.611978
0.611889
0.611839
0.612025
0.611969
0.611941
0.612155
0.612135
0.612131
0.612377
0.612399
0.612429
0.612712
0.612779
0.612842
0.613163
0.613273
0.613364
0.613716
0.613862
0.613974
0.614347
0.614519
0.61464
0.615017
0.615197
0.615314
0.615687
0.61587
0.615974
0.616334
0.616513
0.616602
0.616948
0.617123
0.617198
0.617531
0.617704
0.617766
0.618085
0.618253
0.618298
0.618601
0.618763
0.618791
0.619072
0.61922
0.619222
0.619473
0.619604
0.619583
0.619809
0.619926
0.619884
0.620089
0.620199
0.620147
0.620341
0.620456
0.620407
0.620608
0.620746
0.620718
0.620939
0.621112
0.621118
0.621374
0.621596
0.621648
0.621945
0.622219
0.622318
0.622656
0.622981
0.623124
0.623497
0.623863
0.624039
0.624435
0.624828
0.625022
0.625428
0.625837
0.626042
0.626448
0.626864
0.627067
0.627463
0.627876
0.628075
0.62846
0.62887
0.629061
0.629432
0.629838
0.630023
0.630381
0.630784
0.630963
0.631309
0.631708
0.631882
0.632215
0.63261
0.632777
0.633095
0.633485
0.633643
0.633943
0.634321
0.634466
0.634745
0.635111
0.635241
0.635498
0.635851
0.635967
0.636201
0.636539
0.636641
0.636852
0.637177
0.637267
0.637458
0.63777
0.637846
0.638014
0.638313
0.638378
0.638526
0.638813
0.638867
0.638994
0.639269
0.639315
0.639423
0.639688
0.639726
0.639815
0.640071
0.640104
0.640177
0.640421
0.640449
0.640507
0.640746
0.640773
0.64082
0.641052
0.641079
0.641119
0.641352
0.641388
0.641426
0.641663
0.64171
0.641752
0.642
0.642066
0.642118
0.642382
0.642474
0.642544
0.642831
0.642955
0.643048
0.643361
0.643522
0.643646
0.643993
0.644196
0.644353
0.644737
0.644988
0.645186
0.645613
0.645914
0.646155
0.646626
0.64698
0.647267
0.647784
0.648192
0.648523
0.649086
0.649547
0.649921
0.650521
0.651027
0.651435
0.652067
0.652609
0.653042
0.653692
0.654255
0.654695
0.655346
0.655913
0.656344
0.656977
0.65753
0.657937
0.658536
0.659059
0.659425
0.659977
0.660457
0.660772
0.661265
0.661693
0.661947
0.662375
0.662745
0.662937
0.6633
0.663613
0.663741
0.664038
0.664297
0.664366
0.664602
0.664811
0.664828
0.665011
0.665178
0.665152
0.665288
0.66542
0.665357
0.665456
0.665565
0.665477
0.665548
0.66564
0.665533
0.665584
0.665669
0.665553
0.665587
0.665668
0.665546
0.66557
0.665652
0.665529
0.665545
0.66563
0.665511
0.665525
0.665618
0.665506
0.665518
0.66562
0.665521
0.665539
0.665657
0.665573
0.665598
0.665735
0.665672
0.665711
0.665869
0.66583
0.665885
0.666071
0.666062
0.666137
0.666349
0.666371
0.666467
0.66671
0.666765
0.666887
0.667158
0.667245
0.66739
0.667694
0.667817
0.667988
0.668321
0.668477
0.668671
0.669033
0.669221
0.669438
0.669825
0.670044
0.670283
0.670697
0.670946
0.671203
0.671641
0.671919
0.672196
0.672656
0.672962
0.673254
0.67373
0.674057
0.67436
0.674845
0.675184
0.675486
0.67597
0.676312
0.676603
0.677072
0.677402
0.677669
0.67811
0.678414
0.678643
0.67904
0.679302
0.679476
0.679817
0.680026
0.680135
0.680406
0.680549
0.680583
0.680776
0.680849
0.680804
0.680917
0.680919
0.680799
0.680838
0.680773
0.680579
0.680546
0.680421
0.680166
0.680073
0.679901
0.679594
0.67945
0.679241
0.678897
0.678718
0.678485
0.678114
0.677912
0.677668
0.677289
0.677076
0.676833
0.676453
0.67624
0.676011
0.675642
0.675438
0.675225
0.674869
0.674678
0.67449
0.674156
0.673981
0.673816
0.673502
0.673343
0.673202
0.672909
0.672764
0.672644
0.67237
0.672241
0.672145
0.671891
0.671776
0.671703
0.671471
0.671374
0.671329
0.671124
0.671045
0.671027
0.67085
0.670796
0.670809
0.670662
0.670631
0.670675
0.670559
0.670551
0.670625
0.670537
0.67055
0.670649
0.670585
0.670613
0.670731
0.670682
