1
0.990915
0.966948
0.934716
0.900569
0.869074
0.842033
0.819477
0.800867
0.785026
0.770915
0.758154
0.746601
0.736722
0.729287
0.724308
0.721199
0.718835
0.715652
0.710859
0.704616
0.69752
0.690611
0.68451
0.678968
0.673723
0.668535
0.66297
0.656914
0.650455
0.643992
0.638453
0.634433
0.631883
0.630499
0.629375
0.627408
0.62419
0.619685
0.614081
0.607846
0.60113
0.594026
0.587012
0.580508
0.575011
0.570932
0.56805
0.565986
0.564491
0.563111
0.5616
0.559963
0.557964
0.555563
0.552941
0.550079
0.546942
0.543178
0.538041
0.531268
0.523176
0.514404
0.505896
0.498189
0.491275
0.485262
0.48011
0.475514
0.471337
0.467279
0.46291
0.458214
0.45338
0.448819
0.445192
0.442747
0.441288
0.440419
0.439402
0.437733
0.435372
0.432102
0.427713
0.422292
0.41606
0.409617
0.403658
0.398468
0.394213
0.390913
0.388241
0.386057
0.384451
0.383477
0.38331
0.383888
0.384715
0.385375
0.385635
0.385486
0.385326
0.385504
0.386067
0.386942
0.387707
0.387648
0.386222
0.3831
0.378389
0.372831
0.367372
0.362984
0.360407
0.359547
0.359671
0.359967
0.359622
0.358059
0.355117
0.350889
0.345826
0.340546
0.335367
0.330356
0.32542
0.320362
0.315327
0.310789
0.307148
0.304711
0.303499
0.3031
0.302974
0.302582
0.30156
0.300033
0.298345
0.296762
0.295536
0.294703
0.294021
0.293212
0.291943
0.290004
0.287588
0.285063
0.282831
0.281292
0.280488
0.280118
0.279877
0.279527
0.27898
0.278274
0.277316
0.276028
0.274529
0.272926
0.271267
0.269524
0.267513
0.265109
0.262293
0.259022
0.255377
0.251589
0.247866
0.244444
0.241541
0.239183
0.237331
0.235927
0.234828
0.233858
0.232754
0.231219
0.229165
0.226703
0.224011
0.22133
0.218815
0.21648
0.214356
0.21252
0.211075
0.210124
0.209596
0.209294
0.209099
0.20888
0.208464
0.207776
0.206823
0.205728
0.204756
0.20411
0.203895
0.204169
0.204801
0.20549
0.205934
0.205916
0.205405
0.204603
0.203805
0.203317
0.203356
0.203857
0.204545
0.205101
0.205266
0.20499
0.204434
0.203813
0.203339
0.20313
0.203098
0.203087
0.202989
0.202725
0.202278
0.201611
0.200611
0.199217
0.197507
0.195708
0.194147
0.19304
0.192354
0.191971
0.191797
0.191802
0.192024
0.192431
0.192867
0.193257
0.193658
0.19415
0.194758
0.195438
0.196167
0.197031
0.198124
0.19942
0.200742
0.201766
0.202216
0.202107
0.201702
0.201389
0.201594
0.202611
0.204493
0.20707
0.209986
0.212821
0.215243
0.217016
0.218059
0.218468
0.21844
0.218262
0.218261
0.218644
0.219484
0.220724
0.222167
0.223612
0.224988
0.226313
0.227625
0.228874
0.229825
0.230216
0.230019
0.229469
0.228967
0.228895
0.229437
0.23055
0.231991
0.233427
0.23466
0.235732
0.236807
0.238017
0.239341
0.240671
0.242006
0.243427
0.24492
0.246398
0.247776
0.249001
0.250085
0.250998
0.251656
0.25205
0.252249
0.252313
0.252278
0.252185
0.252159
0.252396
0.252954
0.253712
0.25454
0.255386
0.256301
0.257466
0.259052
0.261106
0.263546
0.26607
0.268199
0.269532
0.26991
0.269507
0.268754
0.268084
0.267835
0.268285
0.269566
0.271586
0.274025
0.27641
0.278386
0.279871
0.280912
0.281596
0.28199
0.282073
0.281902
0.281725
0.281808
0.282285
0.283121
0.284175
0.285305
0.286375
0.287357
0.288431
0.289732
0.291104
0.292299
0.293216
0.293985
0.294934
0.29628
0.297935
0.299594
0.300843
0.301357
0.301043
0.299943
0.298216
0.296221
0.294362
0.292943
0.2922
0.292266
0.293158
0.2948
0.296977
0.299451
0.302041
0.30456
0.306928
0.309235
0.311602
0.314118
0.316771
0.319279
0.321239
0.322345
0.322474
0.321782
0.320527
0.318828
0.316867
0.315039
0.313751
0.313208
0.313308
0.313744
0.314286
0.314806
0.315245
0.315655
0.316052
0.316311
0.316326
0.316039
0.315374
0.314301
0.312845
0.311101
0.30927
0.307514
0.305894
0.304469
0.303292
0.30238
0.301661
0.300901
0.299808
0.298146
0.295706
0.292454
0.288632
0.284573
0.280622
0.277076
0.273988
0.271176
0.268314
0.265181
0.261996
0.259297
0.257494
0.256742
0.256986
0.258021
0.259649
0.261634
0.263663
0.265572
0.267417
0.269346
0.271435
0.273515
0.275247
0.276402
0.276911
0.276838
0.276344
0.27552
0.274377
0.273035
0.271668
0.27045
0.269602
0.269275
0.269472
0.270039
0.270629
0.270918
0.270805
0.270316
0.269549
0.268679
0.267859
0.267207
0.26673
0.266245
0.265636
0.264908
0.264017
0.26293
0.26166
0.260208
0.258677
0.25725
0.256044
0.255085
0.254251
0.253327
0.252273
0.251159
0.250008
0.24889
0.247902
0.247049
0.246277
0.245425
0.244344
0.243143
0.242072
0.241305
0.240904
0.240827
0.241088
0.241935
0.243646
0.246228
0.249259
0.251952
0.253625
0.254094
0.253632
0.252816
0.252242
0.252152
0.252395
0.252624
0.252523
0.252003
0.251136
0.24997
0.248641
0.247404
0.246505
0.246092
0.246104
0.246325
0.246631
0.246997
0.247403
0.247866
0.248386
0.248908
0.249394
0.249745
0.249797
0.249467
0.248779
0.247843
0.246806
0.24569
0.244447
0.243102
0.241656
0.240061
0.238329
0.236535
0.234859
0.233572
0.232814
0.232483
0.232307
0.23196
0.231284
0.230348
0.229258
0.228137
0.227192
0.226693
0.226936
0.22807
0.229967
0.232362
0.234998
0.237614
0.239949
0.241715
0.242631
0.242555
0.241489
0.239506
0.236791
0.233642
0.230463
0.227702
0.225601
0.224098
0.22301
0.22219
0.221565
0.22112
0.220823
0.220622
0.22046
0.220197
0.219666
0.218834
0.217823
0.216886
0.216352
0.216453
0.217194
0.218347
0.219538
0.220457
0.221025
0.221386
0.221792
0.222426
0.223229
0.22395
0.22434
0.224258
0.223705
0.222733
0.221402
0.219881
0.218471
0.217537
0.217459
0.218424
0.220236
0.222456
0.224646
0.226559
0.228211
0.229782
0.23149
0.233522
0.235926
0.238583
0.241275
0.243659
0.245305
0.245904
0.245386
0.243921
0.241846
0.239501
0.237161
0.235079
0.233501
0.23263
0.232559
0.233129
0.233982
0.234869
0.235817
0.237029
0.238652
0.240605
0.242673
0.244712
0.246721
0.248827
0.251166
0.253762
0.256491
0.259095
0.261222
0.262546
0.262837
0.261956
0.259926
0.256988
0.253612
0.250476
0.248235
0.247169
0.247092
0.247514
0.247891
0.24783
0.24711
0.245683
0.2437
0.241447
0.239235
0.237323
0.235829
0.234655
0.233524
0.232153
0.230432
0.228489
0.22655
0.224805
0.223377
0.222334
0.221715
0.221476
0.221385
0.221055
0.220123
0.218399
0.215911
0.212832
0.209366
0.205717
0.202097
0.198668
0.195544
0.192814
0.19054
0.188778
0.187602
0.187076
0.18724
0.188053
0.189307
0.190647
0.191629
0.191847
0.191135
0.189618
0.187561
0.185285
0.183117
0.181274
0.179789
0.178521
0.177251
0.175841
0.174309
0.172869
0.171913
0.171794
0.172545
0.173838
0.175176
0.176159
0.176636
0.176696
0.176553
0.176401
0.17628
0.176111
0.17577
0.1751
0.173959
0.1723
0.170199
0.167889
0.165724
0.164035
0.163015
0.162679
0.162896
0.163501
0.164314
0.165107
0.165639
0.165705
0.165127
0.163804
0.161774
0.159202
0.156384
0.153675
0.151416
0.149896
0.149272
0.149504
0.150357
0.151465
0.152457
0.153151
0.153591
0.153948
0.154414
0.155062
0.15581
0.156541
0.157176
0.1577
0.158185
0.158663
0.159029
0.159126
0.158863
0.158283
0.157536
0.156777
0.156105
0.155559
0.155144
0.154869
0.154772
0.154901
0.15529
0.155901
0.15653
0.15688
0.156735
0.156058
0.155004
0.153847
0.152825
0.152069
0.151578
0.151228
0.150881
0.150516
0.150216
0.150095
0.150211
0.15052
0.150901
0.151171
0.151142
0.150704
0.14986
0.148716
0.14744
0.146178
0.144957
0.143729
0.142462
0.141189
0.140002
0.138974
0.138113
0.137419
0.136902
0.136592
0.136534
0.136785
0.137398
0.138384
0.139612
0.140798
0.141653
0.142015
0.141907
0.141522
0.1411
0.140818
0.140771
0.141009
0.141618
0.14272
0.144354
0.146433
0.148774
0.151126
0.153267
0.155077
0.156496
0.157479
0.157973
0.157912
0.157292
0.15622
0.154879
0.153466
0.152088
0.150716
0.1493
0.147874
0.146596
0.145682
0.145276
0.145356
0.145797
0.146449
0.147225
0.14814
0.149226
0.150442
0.151743
0.153116
0.154534
0.155936
0.157244
0.158422
0.15956
0.160852
0.162492
0.1646
0.16715
0.169975
0.172853
0.175555
0.177877
0.179714
0.181121
0.182375
0.183856
0.185767
0.188008
0.190297
0.192359
0.194118
0.195746
0.197506
0.199622
0.202188
0.205099
0.208057
0.210675
0.212621
0.213768
0.214233
0.214293
0.214213
0.214089
0.213769
0.212942
0.211341
0.208944
0.206132
0.203603
0.2021
0.202135
0.203818
0.206845
0.210622
0.214408
0.217503
0.21955
0.220788
0.221995
0.224087
0.227603
0.232443
0.237988
0.243398
0.247957
0.251339
0.253637
0.255146
