1
0.985851
0.948483
0.897516
0.84212
0.789175
0.741328
0.699548
0.664234
0.634073
0.607934
0.584943
0.563696
0.544082
0.526576
0.510979
0.497606
0.486481
0.476944
0.469199
0.463291
0.458539
0.454778
0.45149
0.447893
0.444206
0.440433
0.436191
0.431741
0.427068
0.422309
0.418443
0.415788
0.414113
0.413289
0.412436
0.410742
0.408346
0.405462
0.402872
0.401823
0.402495
0.404534
0.407614
0.410986
0.414395
0.418001
0.421342
0.424135
0.426381
0.427757
0.428474
0.42899
0.429286
0.429636
0.430304
0.431046
0.431838
0.432405
0.431989
0.430311
0.427258
0.422876
0.418002
0.413246
0.408702
0.404688
0.401164
0.397861
0.394892
0.392054
0.389054
0.38611
0.383326
0.380814
0.378904
0.377486
0.376441
0.375889
0.375468
0.374827
0.373875
0.372051
0.368838
0.364205
0.358312
0.351971
0.346338
0.342069
0.339499
0.338438
0.338057
0.337938
0.338149
0.338695
0.339888
0.342043
0.344987
0.34855
0.352462
0.356285
0.35993
0.363175
0.365425
0.366425
0.366054
0.364289
0.361675
0.358805
0.356239
0.354773
0.354776
0.356197
0.35906
0.363063
0.367618
0.372153
0.375739
0.377518
0.377341
0.375347
0.371992
0.367991
0.363674
0.359196
0.354662
0.349843
0.344647
0.339156
0.333196
0.32681
0.320312
0.313808
0.307481
0.301646
0.29663
0.292935
0.290719
0.28947
0.288659
0.28787
0.286733
0.285251
0.283492
0.281454
0.279529
0.278243
0.278071
0.279517
0.28249
0.286231
0.290096
0.293594
0.296337
0.298274
0.299323
0.299391
0.298736
0.297623
0.296224
0.294689
0.292763
0.290081
0.286563
0.282218
0.277455
0.273152
0.26994
0.268084
0.267605
0.268121
0.269216
0.27061
0.271827
0.27246
0.272365
0.271481
0.270088
0.26872
0.267756
0.267519
0.26812
0.269228
0.270413
0.271172
0.270903
0.26934
0.266403
0.262054
0.256737
0.25122
0.246293
0.242836
0.241447
0.242289
0.245279
0.249765
0.25462
0.258975
0.26229
0.264337
0.265425
0.266019
0.266495
0.26737
0.269063
0.271695
0.275135
0.278828
0.282097
0.284587
0.286084
0.286506
0.286003
0.284771
0.283214
0.281817
0.280567
0.279128
0.277224
0.274614
0.271344
0.267732
0.264029
0.260592
0.257928
0.256385
0.256158
0.257081
0.258494
0.259788
0.260639
0.26088
0.260636
0.260076
0.25921
0.258287
0.257718
0.25768
0.25816
0.258955
0.259807
0.260761
0.261904
0.263036
0.263708
0.263173
0.260733
0.256337
0.250447
0.243939
0.238135
0.234234
0.232842
0.233868
0.236529
0.239845
0.243153
0.246104
0.24879
0.251709
0.255169
0.259219
0.263888
0.26909
0.274703
0.280609
0.28644
0.291873
0.296877
0.301352
0.305139
0.308128
0.310047
0.310783
0.310656
0.310149
0.309775
0.309837
0.310223
0.310781
0.311459
0.312192
0.313025
0.313949
0.314745
0.315238
0.315255
0.31459
0.313287
0.311475
0.309206
0.306591
0.303727
0.300725
0.297806
0.29504
0.292363
0.28982
0.287411
0.285129
0.28311
0.281475
0.280422
0.280234
0.280817
0.281798
0.283028
0.284605
0.286798
0.289852
0.293636
0.297827
0.30208
0.30577
0.308231
0.309215
0.308922
0.308036
0.307478
0.307886
0.309492
0.312177
0.315599
0.319468
0.32342
0.326902
0.32957
0.33142
0.332554
0.333141
0.333213
0.332565
0.331041
0.328576
0.325142
0.320957
0.316478
0.312312
0.309118
0.307162
0.306345
0.306565
0.307562
0.308779
0.309592
0.309508
0.308478
0.306971
0.305427
0.303976
0.302544
0.300985
0.299403
0.298189
0.297658
0.29808
0.299793
0.302873
0.307006
0.311664
0.316237
0.320245
0.323408
0.325585
0.327012
0.328316
0.330087
0.33269
0.336188
0.340295
0.344547
0.348308
0.350721
0.351202
0.349735
0.346785
0.343096
0.339164
0.335106
0.331217
0.328114
0.326468
0.326801
0.329191
0.333223
0.338201
0.343258
0.347662
0.351071
0.353285
0.354202
0.354031
0.353105
0.35161
0.349633
0.347257
0.344743
0.342493
0.340617
0.338901
0.337131
0.335252
0.333572
0.33256
0.332383
0.33286
0.333564
0.333869
0.33339
0.332183
0.33045
0.328427
0.326338
0.324282
0.322291
0.320269
0.31808
0.315899
0.314113
0.31301
0.312807
0.313561
0.315114
0.317324
0.319982
0.322688
0.325139
0.327209
0.328791
0.329782
0.330009
0.329352
0.328021
0.326455
0.325144
0.324522
0.324622
0.325027
0.325284
0.325105
0.324483
0.323709
0.323091
0.322747
0.322477
0.321793
0.320485
0.318978
0.317995
0.318152
0.319678
0.322221
0.325054
0.327368
0.328473
0.328187
0.326759
0.324424
0.321352
0.317671
0.313412
0.308715
0.303924
0.299394
0.295353
0.291784
0.288529
0.285619
0.283238
0.281593
0.281014
0.28174
0.283725
0.286827
0.290802
0.295277
0.299938
0.304504
0.308715
0.312469
0.315725
0.318498
0.321073
0.3239
0.327324
0.331385
0.335681
0.339647
0.342924
0.345327
0.346849
0.347706
0.348102
0.348157
0.347959
0.34757
0.347174
0.347052
0.347284
0.347766
0.348285
0.34845
0.347888
0.346381
0.343963
0.341172
0.338898
0.337852
0.338281
0.339875
0.341895
0.343595
0.344444
0.344141
0.342696
0.340298
0.337173
0.33353
0.329432
0.324908
0.320117
0.31518
0.310165
0.305195
0.300395
0.295957
0.292194
0.289211
0.286748
0.284378
0.28171
0.278649
0.275452
0.272463
0.270071
0.268728
0.268762
0.270371
0.273643
0.278354
0.284042
0.290212
0.296279
0.301554
0.305378
0.30728
0.307238
0.305654
0.303024
0.29979
0.296278
0.292758
0.289714
0.287751
0.287202
0.287978
0.28956
0.291257
0.292666
0.293722
0.29444
0.294803
0.294596
0.293491
0.291463
0.288976
0.286924
0.286337
0.287752
0.290885
0.294856
0.29853
0.300985
0.301919
0.301604
0.300648
0.299739
0.299216
0.298934
0.298536
0.297743
0.296559
0.295199
0.293823
0.292514
0.291366
0.290541
0.290418
0.291442
0.293654
0.296511
0.299065
0.300379
0.300065
0.298352
0.295761
0.292875
0.290151
0.287896
0.286391
0.285746
0.285762
0.286163
0.286742
0.287361
0.287971
0.288428
0.288468
0.288057
0.287628
0.287952
0.28972
0.29295
0.297074
0.301562
0.306057
0.310237
0.313789
0.316361
0.317704
0.317933
0.317398
0.31648
0.315485
0.314542
0.31368
0.31287
0.311803
0.309959
0.306962
0.302786
0.297821
0.292697
0.287986
0.284099
0.281264
0.279499
0.278677
0.278452
0.278275
0.277695
0.276448
0.274406
0.271729
0.268838
0.266218
0.264348
0.263537
0.263745
0.264622
0.265634
0.266306
0.266552
0.266632
0.266878
0.26754
0.268575
0.269624
0.270269
0.270127
0.268922
0.266628
0.263398
0.259499
0.255312
0.251176
0.247342
0.244077
0.241652
0.240317
0.240281
0.241556
0.243975
0.24728
0.251059
0.254864
0.258368
0.261297
0.263429
0.264701
0.265191
0.265191
0.265111
0.265189
0.265459
0.265709
0.265485
0.2645
0.262901
0.261105
0.259601
0.258689
0.258454
0.259056
0.260714
0.263391
0.266793
0.270494
0.273973
0.276764
0.278535
0.279102
0.278474
0.276796
0.274351
0.27163
0.269063
0.266736
0.264521
0.262275
0.259959
0.257663
0.255526
0.253678
0.252234
0.251256
0.250825
0.251002
0.251682
0.25264
0.253568
0.253987
0.253389
0.251469
0.248179
0.243874
0.239326
0.235443
0.23297
0.232223
0.233044
0.235076
0.237869
0.240864
0.243558
0.245543
0.24648
0.246344
0.245491
0.244408
0.243546
0.243188
0.243352
0.243872
0.244361
0.244276
0.243309
0.241579
0.239511
0.237579
0.236007
0.234705
0.233371
0.231555
0.228915
0.225557
0.222008
0.218975
0.217054
0.216343
0.216386
0.216499
0.216112
0.215046
0.213552
0.211983
0.210522
0.209094
0.207502
0.205807
0.204456
0.203946
0.204552
0.206291
0.208937
0.212123
0.215399
0.218227
0.220144
0.220952
0.220776
0.220076
0.219397
0.219094
0.219385
0.220372
0.221975
0.223945
0.225868
0.227187
0.227396
0.226213
0.223692
0.220349
0.21706
0.214795
0.214265
0.215564
0.21819
0.221423
0.224556
0.227027
0.228508
0.228819
0.227897
0.225877
0.223074
0.22004
0.21749
0.215881
0.215162
0.214975
0.21493
0.214863
0.214787
0.21458
0.213943
0.212588
0.210353
0.207273
0.203619
0.199866
0.19664
0.194454
0.193412
0.193247
0.193549
0.193975
0.194432
0.195108
0.196327
0.19844
0.201572
0.205488
0.209791
0.213973
0.217383
0.219478
0.219961
0.218751
0.216085
0.212519
0.208704
0.205212
0.202377
0.200278
0.19881
0.197715
0.196804
0.19618
0.19598
0.196004
0.195718
0.194593
0.192537
0.190003
0.187622
0.185904
0.185202
0.185617
0.186959
0.188809
0.190613
0.191903
0.192417
0.192041
0.190878
0.189263
0.187511
0.185801
0.184114
0.182171
0.179644
0.176358
0.172279
0.167571
0.162627
0.157952
0.15414
0.151776
0.151214
0.152434
0.155014
0.158371
0.16219
0.166471
0.171197
0.176208
0.181267
0.186133
0.190681
0.194898
0.198832
0.202675
0.206669
0.210868
0.215102
0.219075
0.222525
