1
0.991253
0.968095
0.936527
0.901722
0.867014
0.834205
0.804065
0.776812
0.752344
0.730296
0.710201
0.691646
0.674242
0.657659
0.641654
0.626117
0.611029
0.596393
0.58227
0.568755
0.555991
0.54424
0.533764
0.524626
0.516669
0.509639
0.503287
0.497455
0.49217
0.487549
0.483658
0.480622
0.478661
0.477869
0.478169
0.479439
0.481495
0.484048
0.486801
0.489685
0.492899
0.496709
0.501286
0.506668
0.512794
0.519521
0.526687
0.534128
0.541646
0.54908
0.556243
0.56291
0.568963
0.57448
0.579578
0.584315
0.588675
0.592579
0.595994
0.599006
0.601729
0.604267
0.606702
0.608943
0.610836
0.612366
0.613627
0.614648
0.615363
0.615718
0.615775
0.615694
0.615703
0.616008
0.61667
0.6176
0.61872
0.620014
0.621445
0.622941
0.624451
0.625907
0.627201
0.628258
0.628987
0.629289
0.629069
0.628217
0.626548
0.623765
0.619567
0.613853
0.606918
0.599293
0.591391
0.583481
0.575806
0.568556
0.561765
0.555284
0.548885
0.542389
0.535737
0.529098
0.522905
0.51765
0.513611
0.510813
0.509204
0.508702
0.509143
0.510255
0.511719
0.513299
0.51491
0.516566
0.518307
0.52023
0.522514
0.525303
0.528621
0.532375
0.536415
0.54052
0.544362
0.547623
0.550145
0.551936
0.552978
0.553183
0.552513
0.551096
0.549136
0.546833
0.544446
0.542251
0.540359
0.538649
0.536997
0.535423
0.534071
0.53316
0.532908
0.533452
0.534733
0.536472
0.538264
0.53976
0.540801
0.541397
0.541659
0.54168
0.541382
0.540633
0.539412
0.537818
0.536087
0.534477
0.533156
0.53218
0.531537
0.531196
0.531102
0.531177
0.531372
0.531758
0.532476
0.533725
0.535732
0.538567
0.542023
0.54574
0.549424
0.552943
0.556219
0.55908
0.561355
0.563049
0.564317
0.565347
0.566197
0.56678
0.566907
0.566421
0.565308
0.563764
0.562212
0.56118
0.561064
0.561922
0.563457
0.565268
0.567114
0.568892
0.570566
0.572127
0.573537
0.574769
0.575817
0.576726
0.577541
0.578239
0.578773
0.579143
0.579414
0.579685
0.580019
0.580404
0.580802
0.581179
0.581433
0.58139
0.580824
0.579524
0.577388
0.574465
0.570951
0.567056
0.562866
0.558387
0.553646
0.548723
0.543701
0.538657
0.533698
0.528924
0.524413
0.520191
0.516282
0.512793
0.509932
0.507938
0.506889
0.506639
0.506986
0.507781
0.508929
0.510353
0.512025
0.514
0.51637
0.519131
0.522224
0.525648
0.529432
0.53354
0.537867
0.542298
0.546754
0.551213
0.55569
0.560214
0.564876
0.569775
0.574923
0.580208
0.585437
0.590405
0.594919
0.598865
0.602285
0.605299
0.607996
0.610438
0.612672
0.614652
0.616242
0.617371
0.618048
0.618304
0.618134
0.617416
0.615957
0.613647
0.610529
0.606756
0.602559
0.598254
0.594103
0.590207
0.586558
0.583113
0.579805
0.576547
0.573246
0.569815
0.566278
0.562874
0.559947
0.557669
0.555969
0.554745
0.553935
0.55344
0.553202
0.553239
0.553488
0.553755
0.55384
0.553627
0.553111
0.552298
0.551137
0.549579
0.547636
0.545337
0.542691
0.539776
0.536746
0.533718
0.530658
0.527424
0.523888
0.520062
0.516137
0.512423
0.509133
0.506287
0.503856
0.501853
0.500382
0.499644
0.499786
0.500725
0.502241
0.504177
0.506442
0.50895
0.511587
0.514211
0.516745
0.519248
0.521872
0.524753
0.528045
0.531857
0.536117
0.540576
0.544952
0.549088
0.55295
0.556608
0.560202
0.563866
0.567626
0.571412
0.575103
0.578465
0.581233
0.583332
0.584884
0.586038
0.586885
0.587496
0.587869
0.587913
0.587563
0.586839
0.585837
0.584697
0.583462
0.582074
0.580444
0.578479
0.576037
0.572894
0.568896
0.564095
0.558769
0.553383
0.548529
0.544639
0.541822
0.53996
0.538821
0.538134
0.537695
0.537422
0.537371
0.537781
0.538888
0.540647
0.542742
0.544782
0.546473
0.547746
0.548724
0.549538
0.55026
0.550945
0.55167
0.552553
0.55366
0.554977
0.556482
0.558114
0.559652
0.560809
0.561296
0.560836
0.559252
0.556512
0.552745
0.548211
0.543212
0.53805
0.533065
0.528683
0.525242
0.522875
0.521543
0.521134
0.521513
0.522492
0.523862
0.525387
0.526818
0.527965
0.528712
0.529067
0.529219
0.529412
0.529805
0.530414
0.531206
0.532187
0.533369
0.534746
0.536284
0.537862
0.539321
0.54059
0.541664
0.542495
0.543033
0.543305
0.543413
0.543497
0.543692
0.544164
0.5451
0.546611
0.548596
0.550744
0.552685
0.554194
0.555298
0.556184
0.557036
0.557928
0.558776
0.559425
0.559792
0.559838
0.559525
0.558918
0.558128
0.557133
0.555892
0.554452
0.552914
0.551425
0.550158
0.549266
0.548859
0.548958
0.549407
0.549963
0.550524
0.551228
0.552318
0.55391
0.555931
0.558147
0.560186
0.561711
0.562527
0.562577
0.561944
0.560862
0.559641
0.558512
0.557568
0.556768
0.555966
0.554978
0.553639
0.551826
0.549494
0.546673
0.543413
0.539823
0.536091
0.53234
0.528549
0.524648
0.520656
0.516668
0.512845
0.509374
0.506382
0.503828
0.501553
0.499452
0.497529
0.495862
0.494587
0.493854
0.493685
0.493927
0.494394
0.495019
0.495884
0.497126
0.498826
0.500967
0.503421
0.505984
0.508469
0.510816
0.513017
0.515036
0.516889
0.518628
0.520223
0.521591
0.522645
0.5233
0.523556
0.523509
0.523342
0.523291
0.523622
0.524584
0.526283
0.52862
0.531351
0.534231
0.537044
0.539618
0.541973
0.544319
0.546838
0.549585
0.552491
0.555444
0.558417
0.561482
0.564681
0.56788
0.570809
0.573155
0.574693
0.575392
0.575386
0.574832
0.573775
0.572195
0.570093
0.567513
0.564608
0.561591
0.558624
0.555783
0.553106
0.550577
0.548166
0.545918
0.543943
0.542338
0.541085
0.54003
0.538976
0.537822
0.536587
0.535294
0.533956
0.532585
0.531198
0.52978
0.528343
0.527019
0.52598
0.525263
0.524757
0.524247
0.523578
0.522799
0.521987
0.52109
0.519963
0.518495
0.516651
0.514516
0.512298
0.510181
0.508232
0.506518
0.505242
0.504631
0.504736
0.505421
0.506468
0.507653
0.508761
0.509637
0.510215
0.51048
0.510469
0.51025
0.509816
0.509097
0.508054
0.506691
0.505053
0.503243
0.501387
0.499592
0.497976
0.496647
0.495652
0.49498
0.494628
0.494636
0.495132
0.496231
0.497857
0.499729
0.501551
0.503206
0.504826
0.506567
0.508504
0.510689
0.513205
0.516164
0.519645
0.523567
0.527645
0.531522
0.534914
0.537665
0.539736
0.541157
0.542046
0.542641
0.543201
0.543837
0.544587
0.545546
0.546804
0.548359
0.550125
0.55197
0.553707
0.5552
0.556412
0.557357
0.558037
0.558448
0.5586
0.558469
0.557992
0.557182
0.55617
0.555153
0.554298
0.553641
0.553037
0.552279
0.551278
0.550058
0.548641
0.54699
0.544967
0.542364
0.539061
0.535182
0.531126
0.527401
0.524352
0.521984
0.520027
0.518199
0.516295
0.514142
0.511466
0.507916
0.503332
0.497962
0.492376
0.48716
0.482718
0.479248
0.476799
0.475336
0.474681
0.474563
0.474701
0.474829
0.474744
0.474374
0.473749
0.472946
0.472091
0.471337
0.47081
0.470622
0.470805
0.471336
0.4722
0.473357
0.474729
0.476275
0.478019
0.479943
0.482005
0.484261
0.486801
0.489647
0.49272
0.495929
0.499145
0.50221
0.5051
0.507902
0.510687
0.513403
0.515884
0.517951
0.519546
0.520792
0.521859
0.522839
0.52382
0.524952
0.526342
0.527994
0.529824
0.531702
0.533537
0.535343
0.537068
0.538522
0.539582
0.54029
0.540766
0.541132
0.541497
0.541959
0.54256
0.543242
0.543887
0.544373
0.544553
0.544238
0.543205
0.541247
0.53834
0.534673
0.530509
0.526057
0.521418
0.516628
0.511736
0.506841
0.502031
0.497314
0.492612
0.487843
0.483063
0.478535
0.47459
0.471444
0.46921
0.467868
0.467217
0.466942
0.466786
0.466559
0.466133
0.465516
0.464834
0.464254
0.463877
0.463725
0.463765
0.463997
0.464536
0.465581
0.467257
0.469518
0.472228
0.475254
0.478411
0.481458
0.484202
0.48652
0.488364
0.489768
0.490896
0.492002
0.493289
0.49482
0.496601
0.498683
0.501089
0.50368
0.506273
0.508751
0.511067
0.513164
0.515033
0.516745
0.518384
0.520045
0.521857
0.523874
0.525985
0.527961
0.529624
0.530947
0.531946
0.532567
0.532744
0.532378
0.531413
0.530019
0.528538
0.527209
0.526068
0.525093
0.524236
0.523369
0.522337
0.521038
0.519488
0.517779
0.516018
0.514304
0.51269
0.511134
0.50957
0.508006
0.506507
0.505098
0.503672
0.502069
0.500253
0.498351
0.496611
0.49529
0.494534
0.494331
0.494562
0.495062
0.495666
0.496165
0.496265
0.495666
0.494228
0.492061
0.489477
0.486829
0.484361
0.482242
0.480642
0.47967
0.479247
0.479186
0.479369
0.479801
0.48055
0.481662
0.483234
0.485335
0.487792
0.4902
0.492134
0.493342
0.493816
0.493787
0.493606
0.493532
0.49366
0.493965
0.494324
0.494532
0.494489
0.494197
0.493615
0.492658
0.491284
0.489534
0.487481
0.485223
0.482944
0.480889
0.47922
