1
0.968931
0.899296
0.823512
0.755267
0.700076
0.658013
0.623859
0.594306
0.567574
0.541889
0.517839
0.497156
0.480636
0.468699
0.460848
0.455662
0.451375
0.447461
0.443737
0.439429
0.434107
0.428178
0.42239
0.418413
0.416523
0.415374
0.414308
0.412376
0.407762
0.40017
0.391345
0.382513
0.373929
0.366087
0.359229
0.353353
0.347534
0.340513
0.332107
0.322374
0.311233
0.299125
0.287756
0.278768
0.272352
0.267909
0.264736
0.26153
0.257064
0.25127
0.245047
0.239321
0.234961
0.232208
0.23038
0.228537
0.225881
0.222262
0.217911
0.212955
0.208838
0.207365
0.208611
0.211311
0.214086
0.216224
0.218114
0.220597
0.223614
0.226259
0.227936
0.228566
0.228196
0.227515
0.228146
0.231556
0.238509
0.248675
0.260326
0.272023
0.283052
0.292151
0.299524
0.306325
0.311682
0.315352
0.319218
0.322566
0.322808
0.320673
0.31842
0.317153
0.318298
0.321655
0.325272
0.327854
0.3288
0.327563
0.324329
0.320366
0.316363
0.312484
0.30936
0.307555
0.307738
0.309922
0.312684
0.314797
0.316729
0.319101
0.321105
0.321689
0.320863
0.319173
0.316929
0.313516
0.308783
0.304428
0.302195
0.301404
0.299742
0.296262
0.292041
0.288441
0.285433
0.282397
0.279302
0.276812
0.275046
0.272871
0.269929
0.266879
0.263763
0.26089
0.258688
0.255974
0.251345
0.24543
0.239355
0.233313
0.22756
0.222548
0.218113
0.214406
0.21191
0.210089
0.207947
0.204706
0.1999
0.193992
0.187724
0.181853
0.177451
0.17481
0.173185
0.172012
0.170124
0.165789
0.158883
0.151398
0.145258
0.140935
0.137948
0.1354
0.132989
0.131644
0.132059
0.133903
0.13675
0.140423
0.144155
0.14723
0.14992
0.152947
0.156467
0.159998
0.163632
0.167822
0.172079
0.175266
0.177187
0.178628
0.180307
0.182518
0.184984
0.187211
0.188843
0.189899
0.190886
0.192739
0.195885
0.199216
0.201902
0.204819
0.208584
0.212912
0.217409
0.2216
0.224995
0.227407
0.228705
0.229196
0.229611
0.230391
0.231527
0.232913
0.234464
0.235773
0.236808
0.238071
0.239608
0.240975
0.242546
0.24496
0.247866
0.250828
0.253795
0.256756
0.259906
0.263379
0.266343
0.268332
0.270574
0.274297
0.279194
0.284585
0.289518
0.292537
0.29398
0.295613
0.29736
0.298242
0.297997
0.295963
0.291597
0.285498
0.278052
0.269683
0.262553
0.258446
0.256757
0.254974
0.251148
0.244738
0.236511
0.228498
0.222442
0.218484
0.216027
0.214354
0.213016
0.212038
0.210863
0.208964
0.207009
0.205708
0.204887
0.204166
0.203522
0.202845
0.202015
0.200766
0.198247
0.193883
0.188817
0.185021
0.183436
0.183599
0.183849
0.182848
0.181142
0.180075
0.179976
0.180296
0.180097
0.178718
0.176772
0.175368
0.174685
0.173955
0.172778
0.171733
0.171475
0.172298
0.174183
0.176451
0.178331
0.180143
0.182489
0.184858
0.18641
0.187413
0.188824
0.191042
0.193583
0.19561
0.196507
0.196808
0.197634
0.199409
0.201484
0.20301
0.204078
0.205435
0.207636
0.210412
0.213239
0.216344
0.220186
0.22453
0.228974
0.233255
0.236578
0.238866
0.240797
0.24257
0.244669
0.247699
0.251337
0.255092
0.25838
0.260276
0.260498
0.259177
0.256859
0.254481
0.252619
0.251826
0.251469
0.250716
0.250019
0.249629
0.248948
0.248091
0.247332
0.246896
0.247656
0.249848
0.252365
0.253455
0.252192
0.248911
0.244628
0.240341
0.236321
0.23232
0.228327
0.224664
0.221505
0.219296
0.218112
0.217044
0.215298
0.213185
0.211359
0.210361
0.210039
0.209517
0.208002
0.205403
0.20245
0.20034
0.199589
0.199213
0.198083
0.196204
0.194863
0.195399
0.197548
0.200208
0.20304
0.206113
0.209053
0.211297
0.212937
0.214394
0.215701
0.216165
0.214945
0.211962
0.208054
0.203949
0.200127
0.197291
0.195405
0.193477
0.191122
0.188692
0.186471
0.184663
0.183607
0.183234
0.18309
0.182819
0.18246
0.182594
0.184247
0.18753
0.19122
0.193954
0.19512
0.194859
0.193854
0.193083
0.193274
0.194688
0.197521
0.20137
0.205073
0.207974
0.210215
0.211875
0.212986
0.213779
0.21453
0.215463
0.216134
0.21586
0.215144
0.214717
0.214274
0.213154
0.211318
0.209076
0.206724
0.205061
0.204635
0.205541
0.207754
0.21038
0.212187
0.21275
0.212131
0.210782
0.210048
0.210631
0.211534
0.211627
0.210268
0.207085
0.202905
0.199602
0.197827
0.196468
0.194831
0.193681
0.194113
0.196349
0.199444
0.202408
0.20493
0.207172
0.209415
0.211666
0.213759
0.215761
0.218074
0.220442
0.221638
0.221042
0.219031
0.215938
0.21291
0.211662
0.21259
0.214584
0.216163
0.216178
0.214196
0.210306
0.205203
0.199778
0.195124
0.192818
0.19372
0.196776
0.20029
0.203393
0.205777
0.207649
0.209093
0.210236
0.211745
0.213619
0.214398
0.213012
0.210348
0.207522
0.204753
0.202312
0.201247
0.202871
0.207137
0.212269
0.216652
0.219949
0.222009
0.223234
0.224798
0.227142
0.229358
0.23042
0.22992
0.227494
0.223684
0.219967
0.217539
0.216388
0.215621
0.214527
0.212823
0.210924
0.209953
0.211697
0.216335
0.22137
0.224788
0.22693
0.229062
0.231529
0.234037
0.236328
0.238171
0.239133
0.239286
0.239511
0.239575
0.238002
0.23473
0.231476
0.229758
0.229486
0.229191
0.227868
0.226524
0.226716
0.228459
0.23049
0.231479
0.230193
0.22674
0.22311
0.22106
0.220494
0.220435
0.220831
0.221634
0.222191
0.221638
0.219438
0.215877
0.211667
0.207548
0.204082
0.201618
0.200223
0.199632
0.199662
0.200182
0.200792
0.201231
0.20207
0.204104
0.206913
0.20911
0.209186
0.206965
0.204004
0.201503
0.199193
0.196676
0.194386
0.192958
0.192744
0.193643
0.194496
0.194122
0.193249
0.193432
0.195386
0.1984
0.201021
0.202488
0.203155
0.203607
0.204283
0.205545
0.207039
0.20809
0.208477
0.208346
0.207734
0.207112
0.207837
0.210535
0.214257
0.217748
0.220327
0.221997
0.22323
0.224388
0.225751
0.227686
0.229787
0.231691
0.234005
0.237301
0.241018
0.243951
0.2459
0.247478
0.249189
0.25131
0.254077
0.256783
0.257487
0.255132
0.250961
0.247171
0.24493
0.243949
0.243089
0.241854
0.240652
0.239225
0.237135
0.235242
0.234721
0.235888
0.23828
0.241175
0.243441
0.244133
0.243175
0.24118
0.239111
0.237857
0.237641
0.23812
0.239073
0.239889
0.240006
0.239352
0.238432
0.238182
0.238673
0.238802
0.238159
0.23741
0.236784
0.235572
0.233078
0.229294
0.224543
0.219938
0.217562
0.218587
0.22176
0.224648
0.22542
0.223477
0.219435
0.214546
0.209873
0.205804
0.202663
0.200407
0.198941
0.198301
0.197972
0.196896
0.194615
0.191424
0.187777
0.184282
0.181714
0.180709
0.181193
0.181505
0.17941
0.174087
0.166772
0.159835
0.154907
0.152008
0.150624
0.150716
0.152066
0.154495
0.157807
0.161408
0.165092
0.168403
0.170553
0.17184
0.17327
0.175051
0.176949
0.178648
0.179675
0.180018
0.179799
0.178329
0.17558
0.173636
0.174843
0.179629
0.186697
0.194164
0.200584
0.205143
0.207573
0.208118
0.207659
0.207385
0.207957
0.2093
0.21051
0.210027
0.206989
0.20233
0.197885
0.194977
0.194251
0.195307
0.19743
0.200217
0.202507
0.203182
0.20245
0.200811
0.198461
0.19589
0.193413
0.191269
0.190406
0.191433
0.193666
0.195811
0.197164
0.198121
0.199467
0.201472
0.203741
0.205488
0.206189
0.206095
0.205479
0.204193
0.202028
0.19901
0.195742
0.193172
0.191443
0.189686
0.187354
0.184749
0.182118
0.179707
0.177946
0.176698
0.175451
0.174166
0.172992
0.172056
0.171634
0.171304
0.170054
0.167728
0.165416
0.164139
0.163727
0.163261
0.161907
0.159009
0.154388
0.148767
0.143401
0.139063
0.135762
0.133396
0.131934
0.131021
0.130094
0.129005
0.128373
0.128889
0.130811
0.13399
0.13793
0.142322
0.147152
0.152505
0.158142
0.163548
0.167879
0.170456
0.171862
0.173839
0.177507
0.182318
0.186972
0.190512
0.192883
0.194426
0.195645
0.196779
0.198421
0.201129
0.204172
0.206466
0.207776
0.208438
0.207964
0.205822
0.202164
0.197368
0.191728
0.185946
0.181552
0.180675
0.184175
0.190005
0.195517
0.199585
0.202434
0.205038
0.209036
0.215674
0.224309
0.233761
0.243857
0.254399
0.264834
0.274095
0.28061
0.284166
0.285745
0.285241
0.282666
0.279371
0.276121
0.272554
0.268483
0.263228
0.255813
0.247195
0.239455
0.23397
0.23077
0.22838
0.225167
0.221288
0.218386
0.216627
0.214902
0.212929
0.211298
0.210285
0.209613
0.208418
0.206137
0.203298
0.200221
0.196736
0.192803
0.188461
0.184013
0.179871
0.176153
0.172797
0.169559
0.166287
0.163453
0.161445
0.160378
0.160193
0.160113
0.158878
0.156013
0.152341
0.149043
0.147006
0.146553
0.147152
0.147506
0.14683
0.145323
0.143373
0.14174
0.141702
0.14401
0.148034
0.152229
0.155347
0.157036
0.157403
0.156556
0.155202
0.154522
0.154614
0.154472
0.153501
0.152202
0.150958
0.149656
0.148973
0.149743
0.151534
0.153193
0.153764
0.153533
0.154683
0.158537
0.163921
0.170309
0.178272
0.186847
0.194361
0.200165
0.20434
0.208599
0.214502
0.221001
0.226899
0.23183
0.234697
0.236088
0.238478
0.241443
0.243115
0.244302
0.245685
0.24635
0.245827
0.244503
0.242655
0.240554
0.237977
0.234612
0.231783
0.23147
0.233736
0.237104
0.240533
0.243312
0.244509
0.244194
0.243803
0.24453
0.245596
0.245588
0.244108
0.241527
0.238245
0.234087
0.228877
0.223314
0.218106
0.213619
0.210323
0.208497
0.207998
0.208055
0.207635
0.206479
0.204733
0.20265
0.200731
0.199448
0.198579
0.197453
0.19616
0.195356
0.194519
0.192463
0.189073
0.185122
0.181287
0.177682
0.173665
0.168815
0.163918
0.159745
0.155945
0.151629
0.146748
0.142212
0.138684
0.136012
0.133528
0.130767
0.127544
0.123885
0.120194
0.117126
0.114899
0.113041
0.110939
0.108584
0.10634
0.104147
0.1019
0.0994458
0.0963347
0.092291
0.0877657
0.0839663
0.0816996
0.0807882
0.0803856
0.0798547
0.0794787
0.0799229
0.0814547
0.0842828
0.0883577
0.0929758
0.0971203
0.100348
0.102663
0.104345
0.106516
0.110031
0.114223
0.11816
0.121538
0.124233
0.126584
0.129209
0.132353
0.136068
0.140407
0.145266
0.15053
0.155816
0.160652
0.165129
0.169205
0.172403
0.174798
0.17732
0.180531
0.183815
0.186492
0.188212
0.188475
0.187584
0.186784
0.186391
0.186092
0.18609
0.18695
0.188591
0.190357
0.191992
0.193585
0.195247
0.197159
0.198566
0.198951
0.199403
0.201091
0.203824
0.207111
0.210461
0.213072
0.214216
0.213546
0.211302
0.208258
0.204894
0.201272
0.197757
0.19401
0.188951
0.182698
0.175866
0.168532
0.160987
0.154162
0.149389
0.147379
0.14763
0.148755
0.149381
0.148888
0.147418
0.14538
0.143428
0.14123
0.137545
0.132088
0.126199
0.122008
0.120347
0.119566
0.117721
0.114806
0.111587
0.108209
0.104907
0.10212
0.099698
0.0972219
0.0950908
0.0940964
0.0939445
0.093573
0.0924328
0.0911972
0.0911761
0.0928333
0.0950802
0.0964736
0.0965193
0.0957947
0.0953657
0.0954716
0.0956947
0.0961142
0.0973564
0.0999982
0.104072
0.108644
0.112278
0.114184
0.114615
0.114668
0.115138
0.115742
0.116069
0.11686
0.119552
0.123704
0.127387
0.129483
0.130103
0.130358
0.131866
0.135984
0.142819
0.151253
0.159567
0.166095
0.170236
0.172781
0.174676
0.176657
0.179694
0.183845
0.18847
0.193605
0.199479
0.205565
0.211015
0.214744
0.216055
0.215782
0.214969
0.213467
0.211462
0.21024
0.210272
0.210973
0.211772
0.212279
0.212609
0.213147
0.213879
0.215038
0.217099
0.219686
0.221507
0.221861
0.220873
0.21925
0.218402
0.219254
0.221045
0.222352
0.222489
0.221755
0.220679
0.219093
0.216357
0.211834
0.204781
0.195713
0.186528
0.178971
0.173906
0.171587
0.171557
0.172381
0.172223
0.170914
0.169503
0.168294
0.166502
0.163474
0.159646
0.156613
0.155465
0.1557
0.156312
0.156706
0.156093
0.153924
0.15094
0.148475
0.147081
0.146284
0.145305
0.143835
0.141833
0.139427
0.137171
0.135436
0.13426
0.133364
0.132231
0.130673
0.128542
0.125277
0.120932
0.116188
0.111284
0.106318
0.101746
0.0982548
0.096659
0.097073
0.0988606
0.101808
0.10589
0.110589
0.115235
0.11901
0.12163
0.12386
0.12637
0.128543
0.129483
0.129249
0.128841
0.129204
0.130806
0.133644
0.136642
0.138863
0.140895
0.144224
0.149287
0.1546
0.158291
0.159797
0.16006
0.160445
0.161747
0.163713
0.165732
0.167614
0.169377
0.171311
0.173887
0.176689
0.179256
0.182524
0.187093
0.19269
0.198798
0.204306
0.208159
0.2098
0.209313
0.207696
0.206541
0.206956
0.209309
0.212925
0.216134
0.217319
0.216554
0.215318
0.215366
0.217842
0.222414
0.227431
0.231691
0.235256
0.238534
0.241271
0.242916
0.243097
0.241359
0.238152
0.235278
0.233114
0.230552
0.227378
0.224126
0.220907
0.217849
0.215016
0.212709
0.211462
0.211421
0.212566
0.213776
0.21345
0.211075
0.207573
0.204855
0.203296
0.201754
0.19949
0.196358
0.192277
0.18743
0.181972
0.175651
0.16904
0.163208
0.159222
0.158084
0.15979
0.163189
0.166893
0.1695
0.170132
0.168987
0.16678
0.164125
0.16154
0.159157
0.156898
0.154573
0.151423
0.146667
0.140619
0.134429
0.129121
0.125248
0.122291
0.119518
0.117239
0.116157
0.116524
0.11797
0.120089
0.123107
0.127263
0.132016
0.13679
0.141442
0.146432
0.15227
0.158483
0.164218
0.169532
0.174581
0.178481
