1
0.98441
0.942679
0.885782
0.824074
0.764165
0.709386
0.66108
0.619427
0.583859
0.553494
0.527265
0.503949
0.482474
0.462285
0.443353
0.425901
0.410153
0.396275
0.384343
0.374291
0.366007
0.359437
0.354404
0.350473
0.346935
0.342968
0.337887
0.331362
0.323536
0.315032
0.306682
0.299189
0.293061
0.288546
0.285499
0.283244
0.280821
0.277619
0.273807
0.270133
0.267464
0.266452
0.267462
0.270598
0.275779
0.28281
0.291426
0.301227
0.311603
0.321822
0.331189
0.339221
0.345768
0.350921
0.354732
0.35722
0.358703
0.359873
0.361337
0.363052
0.364406
0.364828
0.364069
0.362037
0.358721
0.354318
0.349281
0.344239
0.339839
0.336536
0.334352
0.332727
0.330786
0.32803
0.324637
0.321153
0.317986
0.315239
0.31293
0.311223
0.310454
0.311067
0.313365
0.317165
0.321797
0.326523
0.330879
0.33469
0.337956
0.340809
0.343509
0.346301
0.349228
0.352089
0.354517
0.356036
0.356129
0.35443
0.351042
0.346667
0.342262
0.338491
0.335498
0.33313
0.331268
0.329825
0.328508
0.326698
0.323626
0.318765
0.312225
0.304892
0.298095
0.293105
0.290646
0.290572
0.291994
0.293802
0.295075
0.295225
0.294013
0.291528
0.288037
0.283801
0.279182
0.274873
0.271684
0.269961
0.269288
0.268705
0.267224
0.264241
0.259711
0.254093
0.248107
0.242395
0.237307
0.232945
0.229273
0.226221
0.223637
0.221158
0.218342
0.214995
0.211322
0.207849
0.205118
0.203352
0.202385
0.201885
0.201559
0.201309
0.201366
0.202169
0.20395
0.20644
0.209087
0.211656
0.214511
0.218276
0.223258
0.229172
0.235322
0.241049
0.245977
0.249988
0.253139
0.255625
0.257627
0.259192
0.260317
0.26115
0.261916
0.262622
0.262993
0.262866
0.262499
0.262386
0.26276
0.263309
0.263398
0.262525
0.260561
0.257807
0.254941
0.252796
0.251979
0.252619
0.254404
0.25678
0.259104
0.260815
0.261602
0.261372
0.260081
0.257637
0.253913
0.248867
0.242737
0.23615
0.229954
0.224784
0.220792
0.217692
0.214947
0.212036
0.208646
0.204721
0.200524
0.196564
0.193346
0.191092
0.189695
0.188921
0.188638
0.18883
0.189345
0.189745
0.189487
0.188282
0.186285
0.183886
0.181301
0.178401
0.174885
0.170508
0.165173
0.158942
0.151961
0.144281
0.135756
0.126118
0.115211
0.103284
0.0911409
0.0800402
0.0715693
0.0673607
0.0679751
0.0720017
0.0772472
0.0823831
0.0871924
0.0919384
0.0968524
0.102021
0.107476
0.113181
0.11893
0.124413
0.12938
0.13372
0.137431
0.140564
0.143194
0.145294
0.146611
0.146783
0.14566
0.143491
0.14088
0.13861
0.137429
0.137791
0.139717
0.142932
0.147053
0.151629
0.156144
0.16008
0.163035
0.164754
0.165081
0.16402
0.161784
0.158607
0.154609
0.149881
0.144596
0.138946
0.133062
0.127087
0.121308
0.116099
0.111704
0.108124
0.105205
0.102726
0.100484
0.0983757
0.0963926
0.0945123
0.0926937
0.0909392
0.0892933
0.0878238
0.0867442
0.0864594
0.0873143
0.0892091
0.0915267
0.0935208
0.0948261
0.0956354
0.0964425
0.0975759
0.0989743
0.100362
0.101508
0.10225
0.102387
0.101776
0.100585
0.0992589
0.098169
0.0974276
0.0970139
0.0969402
0.0972656
0.0980255
0.0991654
0.100525
0.102013
0.103773
0.106152
0.109427
0.113593
0.118419
0.123602
0.12878
0.13362
0.138036
0.142238
0.146576
0.151306
0.156343
0.161151
0.164921
0.166913
0.166821
0.165069
0.16273
0.160962
0.160385
0.160928
0.162122
0.163512
0.16484
0.166067
0.167386
0.169194
0.171894
0.175587
0.179885
0.184182
0.188065
0.191328
0.193761
0.195134
0.195344
0.194463
0.192706
0.190412
0.187978
0.185643
0.183415
0.181234
0.179213
0.177678
0.176961
0.177116
0.17785
0.178665
0.179237
0.179711
0.180623
0.182435
0.185123
0.188124
0.190613
0.191781
0.191179
0.188965
0.18578
0.182313
0.178938
0.175727
0.172783
0.170486
0.169399
0.169894
0.171788
0.174282
0.176375
0.177336
0.17683
0.174795
0.171367
0.166826
0.16152
0.155785
0.150056
0.14504
0.14151
0.139678
0.138979
0.138713
0.138764
0.13948
0.141015
0.143057
0.145197
0.147389
0.14995
0.15322
0.157229
0.161664
0.166091
0.170133
0.173377
0.17535
0.175806
0.174937
0.173276
0.171514
0.170421
0.170694
0.172656
0.176061
0.180243
0.184381
0.187766
0.189996
0.191024
0.191039
0.190314
0.189274
0.188611
0.188999
0.190691
0.193533
0.197154
0.201076
0.204928
0.208683
0.212571
0.21666
0.220659
0.224023
0.2261
0.226332
0.224467
0.22064
0.2154
0.209678
0.204389
0.199936
0.196167
0.192854
0.190098
0.188376
0.188309
0.190319
0.194323
0.199704
0.205557
0.211033
0.215634
0.219266
0.222006
0.22383
0.224644
0.224565
0.224128
0.224094
0.224997
0.226937
0.229712
0.232879
0.235705
0.237341
0.23712
0.234761
0.230523
0.225187
0.219706
0.214818
0.210829
0.207692
0.205283
0.203537
0.202406
0.201877
0.202048
0.20302
0.204649
0.206565
0.208464
0.210267
0.211991
0.21361
0.214982
0.215854
0.21594
0.215151
0.213825
0.212679
0.212376
0.213114
0.214626
0.216537
0.21861
0.220763
0.223025
0.225463
0.228051
0.230712
0.233512
0.236547
0.239756
0.24308
0.246798
0.251452
0.257388
0.264464
0.272154
0.27979
0.286703
0.292342
0.296411
0.298972
0.300471
0.301533
0.302554
0.303413
0.303679
0.303074
0.301614
0.299363
0.296244
0.292102
0.286923
0.280981
0.274771
0.268802
0.263504
0.25925
0.256324
0.254749
0.254219
0.254287
0.254547
0.254584
0.254038
0.252824
0.251095
0.249057
0.246919
0.244895
0.24325
0.242261
0.24201
0.242192
0.242288
0.241885
0.24071
0.238446
0.234783
0.229729
0.223797
0.217782
0.212316
0.207655
0.20379
0.200681
0.198411
0.197098
0.196709
0.197002
0.197706
0.198768
0.200536
0.203531
0.207929
0.213329
0.218975
0.224032
0.227794
0.229824
0.230053
0.228719
0.22617
0.222731
0.21875
0.214664
0.210918
0.207771
0.205137
0.20263
0.199869
0.196777
0.193672
0.191057
0.189259
0.188226
0.187709
0.187637
0.18821
0.189699
0.192241
0.19581
0.200228
0.20515
0.210184
0.215125
0.219826
0.223979
0.22728
0.22975
0.231741
0.233646
0.235614
0.237469
0.238796
0.239192
0.238617
0.237452
0.2361
0.234648
0.232978
0.231021
0.228858
0.22667
0.224688
0.223157
0.222234
0.221848
0.221672
0.221347
0.220713
0.219726
0.2183
0.216437
0.214495
0.213029
0.212354
0.212406
0.212972
0.213887
0.215026
0.216177
0.216957
0.216934
0.215755
0.2132
0.209253
0.204221
0.19876
0.193661
0.189433
0.186055
0.183178
0.180476
0.177825
0.175313
0.173098
0.171318
0.170216
0.17019
0.171519
0.174041
0.177213
0.180387
0.182977
0.184574
0.184973
0.18419
0.182531
0.180583
0.178956
0.177929
0.177348
0.176896
0.176484
0.17649
0.177651
0.180573
0.185349
0.191601
0.198758
0.20625
0.213605
0.22045
0.226521
0.231726
0.236162
0.239995
0.243218
0.245532
0.246506
0.245878
0.243751
0.240561
0.236903
0.233404
0.230641
0.228982
0.22829
0.227766
0.226354
0.223431
0.219145
0.214169
0.209306
0.205256
0.202577
0.201625
0.202425
0.204583
0.207448
0.210444
0.213244
0.215579
0.217028
0.217184
0.215925
0.213463
0.210236
0.206749
0.203389
0.200295
0.197463
0.195048
0.193527
0.193416
0.194748
0.196907
0.19898
0.20036
0.200991
0.201121
0.200871
0.200111
0.198761
0.197112
0.19572
0.195025
0.195233
0.196463
0.198649
0.201362
0.203959
0.205871
0.206808
0.206756
0.205867
0.204406
0.202744
0.201161
0.199589
0.197616
0.194766
0.190769
0.185563
0.17922
0.171987
0.164289
0.156557
0.149171
0.142513
0.136905
0.132433
0.128956
0.126335
0.124601
0.123885
0.124202
0.125364
0.127033
0.128762
0.130181
0.131225
0.132117
0.133167
0.134715
0.13712
0.14051
0.144561
0.148601
0.151915
0.154024
0.154817
0.154465
0.153345
0.152045
0.151322
0.151967
0.154494
0.158817
0.164312
0.170139
0.175522
0.17992
0.183101
0.185091
0.185952
0.185657
0.18432
0.182466
0.180855
0.180004
0.179936
0.180328
0.180767
0.180905
0.180533
0.179607
0.178189
