1
0.989821
0.96264
0.925694
0.88587
0.847659
0.813224
0.783162
0.757303
0.735226
0.716414
0.700173
0.685657
0.672181
0.659441
0.647328
0.635728
0.624476
0.613498
0.602917
0.593022
0.58414
0.576418
0.569577
0.562946
0.555821
0.547809
0.538846
0.529056
0.518679
0.508074
0.497723
0.488267
0.480447
0.474817
0.471386
0.469655
0.468953
0.468678
0.468395
0.467882
0.467064
0.465892
0.464425
0.463028
0.462353
0.462942
0.464899
0.467928
0.471591
0.47553
0.479519
0.48336
0.486806
0.48954
0.491182
0.49138
0.489995
0.487162
0.483161
0.478248
0.47261
0.466435
0.459957
0.453386
0.446817
0.440181
0.433273
0.425963
0.41842
0.411004
0.404005
0.397595
0.391874
0.386894
0.382663
0.379192
0.376476
0.374381
0.372653
0.37109
0.369618
0.368214
0.366808
0.365259
0.3634
0.361236
0.359073
0.357401
0.356577
0.35663
0.357381
0.358641
0.360282
0.362166
0.36407
0.365719
0.366882
0.367415
0.367302
0.366772
0.366257
0.366175
0.366758
0.367999
0.369729
0.371728
0.373748
0.375501
0.376679
0.377018
0.376423
0.375064
0.373331
0.371692
0.370565
0.370167
0.370357
0.370674
0.37052
0.369368
0.367003
0.363648
0.359777
0.355748
0.351694
0.347598
0.343382
0.338984
0.334443
0.32996
0.325816
0.32215
0.318911
0.315957
0.313165
0.310447
0.307784
0.305143
0.302297
0.298842
0.294478
0.289187
0.28311
0.276422
0.26944
0.262784
0.25733
0.253922
0.253032
0.254496
0.257473
0.260765
0.263412
0.265053
0.265838
0.2661
0.266101
0.265921
0.265472
0.264661
0.263601
0.262564
0.261808
0.261525
0.261752
0.262258
0.262658
0.262718
0.262516
0.262352
0.262525
0.263191
0.264318
0.265681
0.267044
0.268336
0.269635
0.271035
0.272546
0.273989
0.274994
0.275223
0.274629
0.273489
0.27228
0.271487
0.271407
0.272052
0.273164
0.274312
0.275057
0.275157
0.274627
0.273573
0.27203
0.269953
0.267276
0.263958
0.260032
0.25565
0.251077
0.24662
0.242503
0.238676
0.234847
0.230739
0.226356
0.221926
0.217702
0.213883
0.210648
0.208122
0.206264
0.204845
0.203527
0.202016
0.200189
0.198053
0.195604
0.192788
0.189647
0.186347
0.183031
0.179679
0.176152
0.172244
0.167762
0.162605
0.156799
0.150464
0.143847
0.13731
0.13118
0.12563
0.120762
0.116703
0.113575
0.111403
0.110107
0.109481
0.109193
0.108923
0.108572
0.108265
0.108127
0.10813
0.108114
0.107902
0.10738
0.106547
0.10555
0.104642
0.10409
0.104074
0.104615
0.105523
0.106418
0.106902
0.106772
0.106075
0.105018
0.103834
0.102649
0.101413
0.100027
0.098535
0.0971663
0.0962204
0.0959664
0.0965161
0.0976486
0.0988367
0.0995554
0.0995419
0.0987192
0.0970026
0.0942851
0.0905687
0.0860419
0.0809889
0.0756639
0.0702231
0.0647341
0.0592724
0.0539883
0.0490438
0.0445475
0.0405933
0.0373585
0.0350851
0.0338652
0.0334542
0.0333806
0.0331968
0.0325958
0.0314497
0.0299064
0.0284333
0.0276279
0.0277888
0.028674
0.029807
0.0309621
0.0323568
0.0344679
0.0376014
0.0415968
0.0459392
0.0500574
0.0535111
0.0560703
0.0577523
0.0587614
0.0593123
0.0594694
0.0591576
0.0582919
0.056875
0.0550293
0.0530101
0.0511609
0.0498223
0.0492483
0.0495547
0.0507182
0.0526007
0.0549657
0.0575314
0.0600624
0.0624172
0.0645448
0.0664869
0.0684125
0.0705986
0.0732607
0.0763674
0.0796363
0.0827024
0.0853052
0.0873886
0.089073
0.0905396
0.091932
0.0932859
0.0944967
0.0953766
0.0958011
0.0958366
0.0957215
0.0957355
0.0960449
0.0966313
0.0973531
0.0980695
0.0987726
0.0996119
0.100774
0.102362
0.104396
0.106823
0.10946
0.112024
0.114287
0.116204
0.117924
0.119682
0.121645
0.12382
0.126067
0.128151
0.12984
0.13097
0.131432
0.131135
0.13007
0.128414
0.126485
0.124601
0.12295
0.121505
0.120042
0.118302
0.116217
0.114027
0.112189
0.1111
0.110913
0.111645
0.113338
0.115986
0.119327
0.122828
0.125893
0.128131
0.129455
0.129973
0.12982
0.129103
0.127954
0.126562
0.125173
0.124072
0.123519
0.123688
0.124642
0.12637
0.128857
0.132076
0.135851
0.139763
0.143321
0.146221
0.148435
0.150098
0.151454
0.152897
0.154875
0.157625
0.161029
0.164784
0.168653
0.172567
0.176562
0.180712
0.185021
0.1893
0.193192
0.196311
0.198375
0.199278
0.199057
0.197813
0.195693
0.192968
0.190114
0.187731
0.186336
0.186166
0.187176
0.189132
0.191663
0.194293
0.196597
0.198419
0.199955
0.201598
0.203615
0.205962
0.20831
0.210186
0.211157
0.210983
0.209736
0.207804
0.205719
0.203882
0.20243
0.20133
0.200581
0.200318
0.200705
0.201782
0.203444
0.205538
0.207914
0.210426
0.212883
0.215036
0.216661
0.217641
0.217956
0.217656
0.216877
0.215839
0.214852
0.214275
0.214421
0.21546
0.217361
0.219879
0.22262
0.225186
0.227331
0.228974
0.230124
0.230829
0.231242
0.231609
0.232109
0.23268
0.233028
0.232872
0.232204
0.231303
0.23051
0.229975
0.229647
0.229441
0.229314
0.229209
0.229048
0.228812
0.228576
0.22842
0.22838
0.228522
0.228998
0.229937
0.231322
0.23301
0.234846
0.236656
0.238189
0.239217
0.239728
0.239959
0.240221
0.240703
0.241393
0.242162
0.242935
0.243794
0.244926
0.246464
0.24836
0.250332
0.25193
0.252721
0.252525
0.251485
0.249929
0.2482
0.246559
0.245123
0.243836
0.242585
0.241382
0.24036
0.239601
0.239024
0.238442
0.23763
0.236359
0.234559
0.232489
0.230688
0.229722
0.229889
0.230988
0.232315
0.232985
0.232339
0.230212
0.226998
0.223451
0.220318
0.218033
0.216666
0.216099
0.21626
0.217175
0.218818
0.220977
0.223308
0.225485
0.227242
0.228323
0.228551
0.227926
0.226634
0.22497
0.223254
0.221729
0.220542
0.21985
0.219882
0.220786
0.222515
0.224897
0.227717
0.230717
0.23363
0.236226
0.238364
0.240031
0.2413
0.242194
0.242627
0.242484
0.241686
0.240114
0.237547
0.233797
0.22892
0.223337
0.217739
0.212795
0.208884
0.206069
0.204239
0.203224
0.20275
0.202403
0.201768
0.200655
0.199193
0.197721
0.196574
0.195862
0.195384
0.194727
0.193481
0.191442
0.188708
0.185665
0.182805
0.180486
0.178862
0.177951
0.17769
0.177983
0.178722
0.17977
0.180914
0.181938
0.182765
0.183482
0.184163
0.184749
0.185141
0.185356
0.185549
0.185841
0.186183
0.186445
0.186609
0.186769
0.186961
0.187116
0.18719
0.187264
0.187463
0.187844
0.188379
0.188936
0.189273
0.189098
0.188212
0.1866
0.184412
0.181876
0.179189
0.176425
0.173543
0.170455
0.167161
0.16383
0.160752
0.158187
0.156301
0.155147
0.154621
0.154469
0.1545
0.154759
0.155357
0.156219
0.157105
0.1578
0.158227
0.158434
0.158578
0.158902
0.159644
0.160988
0.163072
0.165928
0.169409
0.173231
0.177067
0.180567
0.183455
0.185686
0.187438
0.18891
0.19016
0.191171
0.192005
0.19285
0.19387
0.195065
0.196288
0.197343
0.198102
0.198596
0.199031
0.199634
0.200477
0.201473
0.202461
0.203249
0.203648
0.203552
0.203003
0.202196
0.201411
0.200861
0.20053
0.200115
0.199194
0.197512
0.195159
0.192504
0.189987
0.187911
0.186401
0.185435
0.184937
0.184851
0.185093
0.185467
0.185679
0.185398
0.184387
0.182642
0.180439
0.178243
0.176519
0.175561
0.17549
0.176321
0.177939
0.180061
0.18231
0.184332
0.18583
0.186648
0.186855
0.186729
0.186613
0.186745
0.187131
0.187511
0.187512
0.186844
0.185391
0.183209
0.180532
0.177762
0.175336
0.173523
0.172339
0.171581
0.170944
0.170199
0.16929
0.168286
0.167275
0.16632
0.165474
0.164831
0.164528
0.164633
0.165019
0.16538
0.165411
0.164969
0.164079
0.162853
0.161422
0.159932
0.15855
0.15745
0.156709
0.15625
0.155889
0.155419
0.154739
0.153927
0.153211
0.15281
0.152791
0.153046
0.153353
0.153545
0.153643
0.153786
0.154097
0.154618
0.155269
0.155831
0.155986
0.155407
0.153913
0.1516
0.148872
0.146332
0.144592
0.144102
0.144986
0.146954
0.149435
0.151897
0.154102
0.156083
0.157898
0.159475
0.160708
0.161606
0.162296
0.162975
0.163812
0.164829
0.165877
0.166789
0.167493
0.168018
0.168447
0.168891
0.169463
0.170244
0.17125
0.172469
0.173868
0.175315
0.176542
0.177295
0.177465
0.177075
0.176181
0.174873
0.173334
0.171833
0.170653
0.170093
0.170486
0.172114
0.174956
0.178569
0.182284
0.185512
0.187875
0.189139
0.189186
0.188113
0.186258
0.184097
0.182094
0.180636
0.17999
0.180249
0.181319
0.182998
0.185066
0.187327
0.189601
0.191691
0.193406
0.194664
0.195548
0.196231
0.196863
0.197542
0.198336
0.199252
0.200193
0.200948
0.201282
0.201097
0.200584
0.200152
0.200104
0.200319
0.200332
0.199727
0.198445
0.196765
0.195082
0.193717
0.192864
0.192622
0.193007
0.193946
0.195215
0.196427
0.197143
0.19707
0.196226
0.194921
0.193565
0.192487
0.191913
0.191945
0.192517
0.19345
0.194592
0.195893
0.197357
0.198959
