1
0.98552
0.946501
0.89267
0.833438
0.775045
0.720792
0.672059
0.629046
0.591394
0.558585
0.529936
0.504612
0.481895
0.461391
0.44304
0.426811
0.41246
0.399654
0.388258
0.378369
0.370103
0.36338
0.35785
0.352912
0.347777
0.341613
0.333767
0.323972
0.3124
0.299479
0.28568
0.271559
0.257955
0.245843
0.235859
0.227932
0.221354
0.215263
0.209125
0.202956
0.197176
0.192289
0.188667
0.186612
0.186509
0.188798
0.193713
0.201006
0.209909
0.219442
0.228709
0.237045
0.244058
0.249633
0.253846
0.256825
0.258708
0.25974
0.260205
0.260206
0.259677
0.258645
0.257261
0.255644
0.25381
0.2517
0.249188
0.246187
0.242737
0.23895
0.234914
0.230737
0.226617
0.222818
0.219612
0.217335
0.216299
0.216552
0.217839
0.219898
0.222686
0.226325
0.230886
0.236147
0.241592
0.246741
0.251418
0.255628
0.259234
0.261985
0.26387
0.265221
0.266359
0.267235
0.267451
0.266609
0.264672
0.261991
0.25912
0.25663
0.254897
0.253965
0.253659
0.253746
0.254027
0.254289
0.254261
0.253722
0.252642
0.251206
0.249737
0.248652
0.248367
0.249256
0.251551
0.25521
0.259861
0.264925
0.26979
0.273889
0.27674
0.278016
0.27757
0.275424
0.271837
0.267325
0.262491
0.257766
0.253281
0.248959
0.244665
0.24029
0.235804
0.231269
0.226777
0.222386
0.218108
0.213833
0.209251
0.20403
0.198126
0.191867
0.185736
0.180143
0.17543
0.171953
0.170059
0.169929
0.171391
0.173878
0.17664
0.179071
0.180935
0.182344
0.183486
0.184364
0.184767
0.184477
0.183476
0.182026
0.18056
0.179469
0.178996
0.17928
0.180434
0.182541
0.185586
0.18941
0.193742
0.198251
0.202644
0.206698
0.210181
0.212868
0.214749
0.216083
0.217246
0.218558
0.22014
0.221799
0.223104
0.223641
0.223298
0.222359
0.221374
0.220947
0.221474
0.22291
0.224729
0.22614
0.226466
0.225424
0.22309
0.219654
0.215238
0.209841
0.20337
0.195797
0.187377
0.17866
0.170209
0.162321
0.155022
0.14818
0.141598
0.135206
0.129226
0.124073
0.120171
0.117879
0.117453
0.118932
0.122024
0.126141
0.130627
0.135045
0.139201
0.142856
0.145514
0.146605
0.145862
0.143395
0.13943
0.134228
0.128148
0.121627
0.11508
0.108852
0.103138
0.0979868
0.0934325
0.0895373
0.0862361
0.0833675
0.0810617
0.0799084
0.0806039
0.0834961
0.0883787
0.0945287
0.100985
0.10701
0.112336
0.116994
0.120974
0.124178
0.126618
0.128463
0.129877
0.130924
0.131679
0.13231
0.132987
0.133745
0.134484
0.134993
0.135002
0.13431
0.132967
0.131288
0.129726
0.128637
0.1281
0.127951
0.128048
0.128409
0.129128
0.130291
0.13197
0.134115
0.136396
0.138268
0.139257
0.1392
0.138141
0.136129
0.133202
0.129482
0.125136
0.120194
0.114533
0.108108
0.101148
0.0940915
0.08727
0.0806317
0.0738938
0.0669781
0.0602049
0.0541513
0.0493934
0.0462253
0.0444139
0.0432907
0.0421024
0.0403281
0.0379816
0.0358235
0.0350652
0.0363069
0.0389188
0.0417717
0.0441623
0.0461236
0.0482386
0.0511176
0.0549408
0.0594264
0.0640806
0.0683648
0.0717672
0.0739552
0.0749035
0.0747865
0.073727
0.0716808
0.0685645
0.0644199
0.0595594
0.0546186
0.0504222
0.0477146
0.047023
0.0486217
0.0523892
0.0577489
0.0639701
0.0705272
0.0771174
0.0834154
0.0890103
0.0935975
0.097236
0.100442
0.103983
0.108403
0.113655
0.119141
0.124102
0.128043
0.130932
0.133083
0.134875
0.136544
0.138053
0.13908
0.139233
0.138367
0.136786
0.135128
0.13399
0.133621
0.133923
0.134653
0.135638
0.136917
0.138638
0.1408
0.143172
0.14537
0.14697
0.147638
0.147308
0.146203
0.144683
0.143099
0.141756
0.140834
0.140287
0.139786
0.138902
0.137407
0.135311
0.132681
0.129626
0.12645
0.123655
0.121709
0.120812
0.120735
0.120785
0.120035
0.117828
0.114124
0.1095
0.104857
0.101011
0.0985054
0.0976851
0.0986789
0.101249
0.104743
0.108291
0.111124
0.112791
0.113134
0.112136
0.109908
0.106781
0.103229
0.0996234
0.096108
0.0927295
0.0896023
0.0869126
0.0848331
0.0835265
0.0831805
0.0838196
0.0850381
0.0861499
0.0866446
0.0865024
0.0861133
0.0860261
0.0867723
0.0886508
0.0915317
0.0949702
0.0984406
0.101487
0.103857
0.105638
0.107357
0.109873
0.113946
0.119764
0.126875
0.134524
0.141976
0.148658
0.154141
0.158074
0.160197
0.160449
0.159044
0.156485
0.153506
0.150994
0.149738
0.150034
0.151514
0.153464
0.155359
0.157126
0.159009
0.161264
0.163926
0.166734
0.169222
0.170922
0.171518
0.170922
0.169319
0.167108
0.164726
0.162503
0.160576
0.158877
0.157233
0.155566
0.153986
0.15271
0.15187
0.151475
0.151484
0.151828
0.152408
0.153133
0.153863
0.154277
0.153919
0.15246
0.149974
0.14695
0.144039
0.141823
0.1407
0.140722
0.141507
0.142445
0.143022
0.143037
0.142633
0.142199
0.142185
0.143001
0.144939
0.147985
0.151659
0.155184
0.157948
0.159833
0.161196
0.162426
0.16353
0.164229
0.164341
0.163924
0.163171
0.162338
0.161659
0.161251
0.161139
0.161472
0.162626
0.16495
0.168419
0.17262
0.177058
0.181423
0.185583
0.189392
0.192686
0.195469
0.197947
0.200349
0.202761
0.205071
0.207106
0.208845
0.210522
0.212492
0.214936
0.217709
0.220346
0.222208
0.222705
0.22158
0.219029
0.215607
0.212013
0.208798
0.206096
0.203621
0.201073
0.198517
0.196274
0.194492
0.19293
0.191126
0.188763
0.185886
0.182927
0.180506
0.179127
0.179063
0.180392
0.182874
0.185783
0.188073
0.188804
0.18757
0.18466
0.180829
0.176827
0.173115
0.169922
0.167396
0.165696
0.164979
0.165252
0.166301
0.167864
0.16971
0.171454
0.172496
0.172371
0.171044
0.16878
0.165936
0.162969
0.160435
0.158868
0.158714
0.160224
0.163255
0.167358
0.172097
0.177161
0.182319
0.187365
0.192011
0.195906
0.198801
0.20057
0.201047
0.199991
0.197283
0.193096
0.187817
0.18185
0.175557
0.169381
0.163893
0.159605
0.156731
0.155169
0.154753
0.155467
0.157435
0.160619
0.16447
0.168058
0.170653
0.172148
0.172941
0.173583
0.174499
0.175811
0.177257
0.178276
0.178312
0.177161
0.175061
0.17241
0.169504
0.166664
0.1644
0.163209
0.163208
0.164047
0.165114
0.165848
0.165974
0.165658
0.165399
0.165625
0.166346
0.167189
0.167689
0.167562
0.166754
0.165333
0.163475
0.161539
0.159997
0.159212
0.159236
0.159811
0.160515
0.160926
0.160765
0.16002
0.158952
0.157921
0.15715
0.156671
0.156457
0.156564
0.157055
0.157792
0.15839
0.15839
0.157462
0.155541
0.152954
0.150396
0.148565
0.147703
0.147532
0.147649
0.147875
0.148313
0.149195
0.150593
0.152221
0.153663
0.154793
0.155827
0.157008
0.158388
0.159896
0.16142
0.162916
0.164482
0.166248
0.168155
0.169913
0.171174
0.171714
0.171543
0.170969
0.170558
0.170886
0.17223
0.174488
0.177431
0.180974
0.185067
0.189453
0.193697
0.197386
0.200263
0.202312
0.203844
0.205404
0.207354
0.209521
0.211339
0.212386
0.212711
0.212684
0.212664
0.212876
0.213492
0.21461
0.216035
0.217219
0.217526
0.216598
0.214472
0.211469
0.208051
0.204783
0.202247
0.200775
0.200276
0.200356
0.200509
0.200317
0.199547
0.198058
0.195686
0.192333
0.188153
0.183609
0.179331
0.175932
0.173873
0.173355
0.174283
0.17638
0.179331
0.182713
0.185878
0.18815
0.189173
0.189059
0.188266
0.187384
0.186927
0.187125
0.187828
0.1886
0.188907
0.188319
0.186728
0.184386
0.181701
0.178999
0.176427
0.173975
0.171546
0.169013
0.166246
0.163245
0.160313
0.157957
0.156564
0.156263
0.157029
0.15864
0.160584
0.162205
0.16299
0.162748
0.161574
0.159744
0.157582
0.155344
0.153147
0.150987
0.148735
0.146204
0.143228
0.139695
0.135668
0.131532
0.127876
0.125064
0.122967
0.121119
0.119095
0.116839
0.114707
0.113202
0.11262
0.11289
0.113695
0.114685
0.115515
0.115832
0.115464
0.11467
0.114065
0.114296
0.115777
0.118584
0.122385
0.126502
0.130232
0.133152
0.135183
0.136491
0.137294
0.137758
0.138098
0.138652
0.139782
0.141689
0.144294
0.147244
0.150099
0.152499
0.154213
0.155137
0.155336
0.155082
0.154837
0.15514
0.156409
0.158808
0.162248
0.166424
0.1709
0.175231
0.179044
0.181998
0.183811
0.184434
0.184166
0.183462
0.182661
0.181927
0.181325
0.180822
0.180272
0.179461
0.178166
0.176262
0.17376
0.170654
0.166806
0.162127
0.156869
0.151601
0.146956
0.143457
0.141385
0.140694
0.141049
0.141997
0.143161
0.144352
0.145513
0.146533
0.147182
0.147373
0.147346
0.147568
0.148543
0.150656
0.154022
0.158388
0.163194
0.167771
0.171563
0.174274
0.175941
0.176876
0.177409
0.17757
0.17707
0.175609
0.173227
0.170338
0.167488
0.165085
0.163377
0.162616
0.163136
0.165128
0.168219
0.171416
0.173584
0.174038
0.172807
0.170464
0.167739
0.165171
0.162974
0.161125
0.159597
0.15854
0.158144
0.158334
0.158758
0.159083
