1
0.999891
0.999648
0.999359
0.998949
0.998327
0.997571
0.996772
0.995858
0.994742
0.993494
0.992208
0.990821
0.989241
0.987535
0.985801
0.983981
0.981979
0.979854
0.977711
0.975498
0.973116
0.970619
0.968109
0.965542
0.96282
0.959989
0.957154
0.954275
0.951253
0.948128
0.945005
0.941851
0.938563
0.935177
0.931799
0.928402
0.924884
0.92127
0.917668
0.914058
0.910338
0.906528
0.902733
0.898937
0.89504
0.89106
0.887096
0.883139
0.879088
0.874957
0.870845
0.866747
0.862562
0.858296
0.854047
0.849818
0.845509
0.841121
0.836749
0.832398
0.827975
0.823474
0.81899
0.814528
0.809999
0.805392
0.800802
0.796239
0.791614
0.786913
0.782226
0.777572
0.772862
0.76808
0.76331
0.758575
0.753793
0.748941
0.744104
0.739305
0.734466
0.729562
0.724673
0.719827
0.714947
0.710009
0.705087
0.700213
0.695314
0.690361
0.685426
0.680542
0.675641
0.670693
0.665766
0.660893
0.65601
0.651086
0.646185
0.641343
0.636497
0.631615
0.62676
0.621967
0.617178
0.612357
0.607562
0.602833
0.598115
0.593371
0.588655
0.584006
0.579372
0.574718
0.570093
0.565536
0.560999
0.556445
0.551922
0.547468
0.543037
0.538592
0.534178
0.529833
0.525514
0.521185
0.516887
0.512657
0.508454
0.504243
0.500063
0.495949
0.491865
0.487774
0.483711
0.479715
0.475749
0.471775
0.467829
0.463948
0.460098
0.456243
0.452414
0.448646
0.444911
0.441171
0.437456
0.433801
0.430178
0.426554
0.422953
0.419412
0.415903
0.412394
0.408909
0.405483
0.402091
0.398701
0.395335
0.392027
0.388756
0.385488
0.382247
0.379065
0.37592
0.372783
0.369674
0.366623
0.363612
0.360612
0.357641
0.35473
0.351861
0.349005
0.346179
0.343414
0.340693
0.337988
0.335314
0.3327
0.330132
0.327582
0.325064
0.322606
0.320194
0.317801
0.315441
0.31314
0.310886
0.308651
0.306449
0.304305
0.302207
0.300129
0.298083
0.296094
0.294149
0.292224
0.29033
0.288491
0.286694
0.284916
0.283168
0.281472
0.279816
0.278178
0.276567
0.275006
0.273484
0.271976
0.270494
0.269058
0.267657
0.26627
0.264906
0.263584
0.262295
0.261018
0.259759
0.258541
0.257352
0.256172
0.255009
0.253882
0.252781
0.251687
0.250607
0.249559
0.248536
0.247516
0.246507
0.245527
0.244569
0.243611
0.242662
0.241738
0.240833
0.239926
0.239025
0.238146
0.237282
0.236415
0.23555
0.234705
0.233872
0.233033
0.232193
0.23137
0.230557
0.229735
0.228911
0.228099
0.227295
0.226481
0.225662
0.224853
0.22405
0.223234
0.222411
0.221597
0.220786
0.219963
0.21913
0.218305
0.217481
0.216644
0.215798
0.214957
0.214117
0.213264
0.212401
0.211543
0.210686
0.209815
0.208934
0.208058
0.207184
0.206296
0.205398
0.204504
0.203612
0.202708
0.201794
0.200884
0.199976
0.199056
0.198127
0.197202
0.196279
0.195345
0.194401
0.193462
0.192526
0.19158
0.190625
0.189675
0.188728
0.187772
0.186808
0.18585
0.184896
0.183933
0.182965
0.182002
0.181045
0.180081
0.179111
0.178148
0.177192
0.17623
0.175263
0.174303
0.173351
0.172394
0.171433
0.17048
0.169535
0.168585
0.167633
0.166688
0.165751
0.164811
0.163867
0.162932
0.162005
0.161076
0.160143
0.15922
0.158305
0.157389
0.15647
0.15556
0.154661
0.15376
0.152858
0.151967
0.151086
0.150205
0.149325
0.148455
0.147598
0.146742
0.145887
0.145044
0.144213
0.143386
0.14256
0.141746
0.140946
0.140149
0.139355
0.138574
0.137806
0.137041
0.13628
0.13553
0.134795
0.134063
0.133334
0.132617
0.131913
0.131213
0.130517
0.129832
0.12916
0.128493
0.127828
0.127176
0.126537
0.125902
0.12527
0.124651
0.124045
0.123443
0.122845
0.122258
0.121685
0.121117
0.120553
0.12
0.119461
0.118926
0.118395
0.117876
0.117369
0.116867
0.116369
0.115882
0.115407
0.114936
0.114469
0.114012
0.113567
0.113126
0.112688
0.11226
0.111843
0.111429
0.111018
0.110616
0.110225
0.109838
0.109453
0.109077
0.108712
0.108351
0.107992
0.107642
0.107304
0.106969
0.106637
0.106315
0.106004
0.105697
0.105393
0.105099
0.104817
0.104539
0.104264
0.104
0.103746
0.103498
0.103252
0.103017
0.102793
0.102573
0.102356
0.102149
0.101953
0.101761
0.101571
0.101391
0.101222
0.101056
0.100893
0.100739
0.100596
0.100458
0.100322
0.100197
0.100083
0.0999746
0.0998706
0.0997774
0.0996968
0.0996226
0.0995539
0.099497
0.0994533
0.0994169
0.0993864
0.099368
0.0993633
0.099366
0.0993749
0.099396
0.0994307
0.0994729
0.0995212
0.0995816
0.0996557
0.099737
0.0998243
0.0999236
0.100036
0.100156
0.100282
0.100419
0.100571
0.100729
0.100894
0.101071
0.101262
0.101461
0.101667
0.101885
0.102118
0.10236
0.102609
0.102872
0.103149
0.103435
0.103728
0.104034
0.104354
0.104682
0.105016
0.105362
0.105721
0.106086
0.106456
0.106837
0.107229
0.107627
0.108028
0.108438
0.108858
0.109283
0.109709
0.110143
0.110587
0.111033
0.11148
0.111934
0.112395
0.112859
0.113322
0.11379
0.114265
0.114741
0.115216
0.115694
0.116179
0.116664
0.117146
0.11763
0.11812
0.118608
0.119092
0.119577
0.120066
0.120552
0.121032
0.121512
0.121994
0.122473
0.122944
0.123414
0.123885
0.124351
0.124808
0.125263
0.125718
0.126167
0.126607
0.127042
0.127477
0.127906
0.128324
0.128737
0.129149
0.129554
0.129948
0.130335
0.13072
0.131098
0.131464
0.131823
0.132179
0.132527
0.132863
0.133191
0.133516
0.133834
0.134138
0.134434
0.134726
0.135011
0.135282
0.135545
0.135804
0.136055
0.136294
0.136523
0.136748
0.136966
0.137171
0.137367
0.13756
0.137746
0.137919
0.138083
0.138244
0.138399
0.138541
0.138675
0.138807
0.138933
0.139048
0.139154
0.139259
0.139359
0.139449
0.139531
0.139612
0.13969
0.139758
0.139819
0.139879
0.139938
0.139988
0.140032
0.140075
0.140118
0.140153
0.140181
0.140211
0.14024
0.140262
0.140278
0.140295
0.140313
0.140324
0.140328
0.140334
0.140341
0.140342
0.140336
0.140331
0.140328
0.140318
0.140302
0.140287
0.140272
0.140252
0.140224
0.140197
0.140171
0.140138
0.140098
0.140059
0.14002
0.139974
0.13992
0.139866
0.139812
0.139752
0.139683
0.139612
0.139542
0.139465
0.139379
0.139291
0.139203
0.139107
0.139002
0.138895
0.138787
0.138671
0.138546
0.138417
0.138287
0.138151
0.138004
0.137853
0.1377
0.137541
0.137371
0.137197
0.137021
0.136838
0.136645
0.136446
0.136247
0.136041
0.135824
0.135602
0.135378
0.135149
0.134909
0.134664
0.134417
0.134166
0.133904
0.133636
0.133368
0.133095
0.132813
0.132525
0.132236
0.131944
0.131642
0.131336
0.13103
0.13072
0.130403
0.13008
0.129758
0.129434
0.129103
0.128767
0.128433
0.128097
0.127755
0.12741
0.127066
0.126722
0.126373
0.12602
0.12567
0.125322
0.124968
0.124613
0.124261
0.12391
0.123557
0.123201
0.12285
0.122502
0.122151
0.121799
0.121452
0.121108
0.120763
0.120418
0.120079
0.119743
0.119407
0.119071
0.118742
0.118417
0.118093
0.11777
0.117453
0.117142
0.116832
0.116524
0.116223
0.115928
0.115635
0.115344
0.11506
0.114784
0.114511
0.11424
0.113978
0.113724
0.113474
0.113227
0.11299
0.112762
0.112539
0.112321
0.112114
0.111917
0.111728
0.111544
0.111373
0.111214
0.111063
0.110921
0.110792
0.110678
0.110573
0.110478
0.110398
0.110333
0.110281
0.110239
0.110214
0.110206
0.11021
0.110227
0.110261
0.110313
0.110379
0.110457
0.110554
0.11067
0.1108
0.110943
0.111105
0.111286
0.111481
0.111691
0.111919
0.112166
0.112428
0.112704
0.112998
0.113311
0.113639
0.113981
0.11434
0.114718
0.11511
0.115515
0.115937
0.116377
0.11683
0.117294
0.117774
0.11827
0.118777
0.119295
0.119826
0.120372
0.120928
0.121492
0.122068
0.122657
0.123253
0.123856
0.124469
0.125092
0.125722
0.126356
0.126998
0.127648
0.128303
0.128961
0.129625
0.130296
0.13097
0.131645
0.132324
0.133009
0.133696
0.134381
0.13507
0.135762
0.136455
0.137145
0.137836
0.138529
0.139221
0.139909
0.140596
0.141284
0.141968
0.142648
0.143324
0.144
0.144671
0.145336
0.145996
0.146654
0.147307
0.147951
0.148591
0.149228
0.149857
0.150478
0.151094
0.151706
0.152311
0.152908
0.153498
0.154085
0.154665
0.155236
0.155802
0.156365
0.15692
0.157468
0.158011
0.15855
0.159084
0.159611
0.160132
0.160652
0.161166
0.161673
0.162176
0.162677
0.163174
0.163664
0.16415
0.164635
0.165115
0.165589
0.16606
0.16653
0.166995
0.167454
0.16791
0.168365
0.168816
0.169261
0.169702
0.170143
0.170579
0.17101
0.171437
0.171862
0.172284
0.1727
0.173112
0.173523
0.17393
0.17433
0.174727
0.175122
0.175513
0.175897
0.176277
0.176656
0.17703
0.177397
0.17776
0.17812
0.178476
0.178825
0.179168
0.179509
0.179846
0.180174
0.180496
0.180816
