1
0.999222
0.998203
0.998332
0.998384
0.996955
0.995233
0.994705
0.994295
0.99252
0.990418
0.989526
0.988895
0.986986
0.9847
0.983607
0.982879
0.980938
0.978562
0.977344
0.976571
0.974646
0.972227
0.970922
0.970126
0.968231
0.965791
0.964419
0.963611
0.961755
0.959304
0.957867
0.957036
0.9552
0.952715
0.951188
0.950299
0.948444
0.945889
0.94423
0.94324
0.94133
0.938692
0.936916
0.935864
0.933978
0.931378
0.929641
0.928707
0.927031
0.924653
0.923119
0.922427
0.92104
0.918921
0.917588
0.917103
0.915951
0.914031
0.912835
0.912486
0.911495
0.909703
0.908575
0.908296
0.907407
0.905692
0.904589
0.904343
0.903522
0.901857
0.900759
0.900527
0.899764
0.898144
0.89705
0.896833
0.896129
0.894564
0.893487
0.893303
0.892679
0.891192
0.890159
0.890029
0.8895
0.888106
0.887127
0.887057
0.886627
0.885321
0.884387
0.884358
0.884003
0.882765
0.881855
0.881846
0.881543
0.880354
0.879451
0.879448
0.879186
0.878037
0.87714
0.877143
0.876923
0.875814
0.874918
0.874917
0.874729
0.873653
0.87275
0.872735
0.872564
0.871505
0.870581
0.870538
0.870373
0.869324
0.868376
0.868302
0.868138
0.867094
0.866113
0.866
0.86583
0.864785
0.863769
0.863609
0.863421
0.862364
0.8613
0.861083
0.860867
0.859789
0.85867
0.858385
0.85813
0.85702
0.855837
0.855476
0.855176
0.85403
0.852778
0.852334
0.85198
0.85079
0.849463
0.848931
0.848516
0.847277
0.84587
0.845242
0.844758
0.843462
0.841971
0.841247
0.840694
0.839346
0.837778
0.836963
0.83635
0.834963
0.833334
0.832449
0.831796
0.830389
0.828722
0.827788
0.827115
0.825711
0.82403
0.823072
0.822403
0.821023
0.81935
0.818387
0.81774
0.816405
0.81476
0.813813
0.813205
0.81193
0.810329
0.809411
0.808855
0.807653
0.806108
0.805232
0.804735
0.80361
0.802127
0.801294
0.80086
0.799817
0.798398
0.79761
0.797236
0.79627
0.794913
0.794167
0.793847
0.792953
0.791651
0.790941
0.79067
0.78984
0.788587
0.787906
0.787677
0.786906
0.785695
0.785036
0.78484
0.784121
0.782949
0.782308
0.782141
0.781467
0.780327
0.779696
0.77955
0.778914
0.777798
0.777171
0.777038
0.776433
0.775334
0.774704
0.774576
0.773995
0.772911
0.772273
0.772146
0.771584
0.770509
0.76986
0.769729
0.769183
0.768115
0.767452
0.767313
0.766776
0.765708
0.765024
0.764872
0.764341
0.76327
0.762561
0.762387
0.761852
0.760768
0.760026
0.759823
0.759278
0.758177
0.757395
0.757159
0.756599
0.755477
0.754657
0.754388
0.753816
0.752679
0.751823
0.751523
0.750941
0.74979
0.748903
0.748578
0.74799
0.74683
0.745915
0.745564
0.744969
0.743799
0.742854
0.742477
0.741873
0.740688
0.739706
0.739291
0.738666
0.737456
0.736427
0.735963
0.735306
0.734059
0.732972
0.73245
0.731751
0.730462
0.729316
0.728739
0.728007
0.726687
0.725498
0.724885
0.724147
0.722833
0.721639
0.721031
0.720321
0.719038
0.717855
0.717246
0.716541
0.715246
0.714015
0.713339
0.712571
0.711207
0.709886
0.709121
0.708287
0.70687
0.705488
0.704669
0.703808
0.702376
0.700971
0.700134
0.699278
0.697859
0.696456
0.695621
0.694787
0.6934
0.69202
0.691212
0.69043
0.689107
0.687785
0.68704
0.686345
0.685124
0.683899
0.683255
0.68268
0.681591
0.680487
0.679956
0.679506
0.678537
0.677522
0.677053
0.676647
0.675692
0.674641
0.674093
0.673591
0.672527
0.671346
0.670667
0.670065
0.668932
0.667701
0.666998
0.666415
0.665334
0.664164
0.663532
0.663043
0.662068
0.660998
0.660461
0.660078
0.659214
0.658237
0.657781
0.657482
0.656702
0.655792
0.65539
0.655148
0.654425
0.653552
0.65317
0.65295
0.652244
0.651367
0.650964
0.650722
0.649988
0.649061
0.648586
0.648271
0.647463
0.646443
0.645864
0.645455
0.644564
0.64346
0.642805
0.642351
0.641449
0.640352
0.639727
0.639338
0.638529
0.637532
0.637007
0.636733
0.636046
0.635158
0.634729
0.634552
0.63396
0.63315
0.632783
0.632667
0.632135
0.63137
0.631031
0.630945
0.630446
0.629699
0.629367
0.629292
0.628812
0.628075
0.627746
0.627683
0.627225
0.626507
0.626193
0.626159
0.625745
0.62507
0.6248
0.624824
0.624482
0.623879
0.623679
0.623786
0.623538
0.623023
0.6229
0.623089
0.622928
0.622487
0.622424
0.622674
0.622577
0.622186
0.622159
0.622445
0.622389
0.622029
0.622022
0.622334
0.622312
0.62198
0.62199
0.622325
0.622336
0.622031
0.622057
0.622412
0.622449
0.622161
0.622192
0.622556
0.62261
0.622332
0.622363
0.622733
0.622801
0.62253
0.622557
0.622928
0.623007
0.622742
0.622764
0.623133
0.623221
0.622958
0.622971
0.623336
0.623428
0.623165
0.623167
0.623525
0.623621
0.623357
0.62335
0.623706
0.623813
0.623559
0.623551
0.62391
0.624033
0.623792
0.623791
0.624162
0.624308
0.624087
0.624095
0.624478
0.624644
0.62444
0.624452
0.624843
0.625028
0.624837
0.624852
0.625248
0.625448
0.625271
0.62529
0.625694
0.625911
0.625749
0.625772
0.626182
0.626417
0.626271
0.626301
0.626721
0.626975
0.626844
0.626877
0.627299
0.627567
0.627446
0.627479
0.627901
0.628177
0.628062
0.628088
0.628504
0.628782
0.628665
0.628678
0.629081
0.629355
0.629231
0.629224
0.629609
0.629875
0.629741
0.629711
0.630073
0.630325
0.630176
0.63012
0.630458
0.630697
0.630535
0.630457
0.630771
0.630997
0.630821
0.630718
0.63101
0.631226
0.631042
0.630921
0.631195
0.631406
0.631219
0.631086
0.631349
0.631562
0.631377
0.631237
0.631494
0.631711
0.631534
0.631392
0.631648
0.631876
0.631708
0.631563
0.631814
0.632047
0.631885
0.631737
0.631982
0.632218
0.632062
0.631907
0.632144
0.632382
0.632228
0.632065
0.632292
0.632529
0.632376
0.632203
0.632415
0.63265
0.632496
0.63231
0.632506
0.632731
0.632569
0.632364
0.632537
0.63275
0.632577
0.63235
0.632497
0.632691
0.632501
0.632246
0.632361
0.632534
0.632327
0.632046
0.63213
0.632281
0.632058
0.631752
0.631808
0.631942
0.631705
0.631376
0.631406
0.631522
0.631273
0.630923
0.63093
0.631034
0.630777
0.63041
0.630394
0.630485
0.630221
0.629838
0.629803
0.629883
0.629613
0.629216
0.629161
0.629229
0.628952
0.628541
0.628468
0.628527
0.628246
0.627824
0.627734
0.627787
0.627507
0.627081
0.626984
0.627039
0.626769
0.626349
0.626256
0.626327
0.626083
0.625684
0.625613
0.625713
0.625506
0.62514
0.625097
0.625235
0.625075
0.624749
0.62474
0.624919
0.624804
0.624518
0.624541
0.624758
0.624685
0.624432
0.624482
0.624729
0.624689
0.624462
0.624531
0.624802
0.624791
0.624584
0.624666
0.624955
0.624968
0.624781
0.624876
0.625185
0.625225
0.625059
0.62517
0.6255
0.625568
0.625427
0.625557
0.625915
0.626018
0.625906
0.626059
0.626444
0.626582
0.6265
0.626675
0.627086
0.627254
0.627196
0.627387
0.627817
0.62801
0.62797
0.62817
0.628611
0.628818
0.628783
0.628979
0.629418
0.62963
0.629594
0.62978
0.630213
0.630423
0.630379
0.63055
0.630971
0.631177
0.631126
0.631281
0.631692
0.631894
0.631836
0.631977
0.632378
0.632578
0.632513
0.63264
0.633029
0.633224
0.63315
0.633261
0.633637
0.633826
0.63374
0.633829
0.634186
0.634362
0.634259
0.634324
0.634661
0.634826
0.634709
0.634752
0.635071
0.635227
0.635099
0.635126
0.635434
0.635587
0.635457
0.635476
0.635781
0.635944
0.635824
0.635849
0.636166
0.636351
0.636253
0.636293
0.636631
0.636847
0.636782
0.63685
0.637218
0.637475
0.637447
0.637546
0.637946
0.638243
0.638255
0.638384
0.638817
0.639152
0.639199
0.639352
0.639808
0.640173
0.640245
0.640414
0.640884
0.641267
0.641356
0.641531
0.642006
0.642403
0.642501
0.642676
0.643149
0.643549
0.643649
0.643817
0.644282
0.644684
0.644785
0.644945
0.645402
0.645802
0.645902
0.646053
0.646501
0.646901
0.647001
0.647143
0.647582
0.647981
0.64808
0.648214
0.648645
0.649043
0.649142
0.649267
0.649686
0.650081
0.650177
0.650292
0.6507
0.65109
0.651181
0.651282
0.651673
0.652053
0.652137
0.652222
0.652596
0.652965
0.653039
0.653107
0.653462
0.65382
0.653885
0.653935
0.654272
0.654618
0.654672
0.654705
0.655023
0.655359
0.655405
0.655422
0.655721
0.656045
0.65608
0.65608
0.656361
0.656674
0.6567
0.656685
0.656948
0.657249
0.657266
0.657235
0.657481
0.657772
0.657782
0.657737
0.657967
0.658249
0.658252
0.658195
0.65841
0.658685
0.658683
0.658613
0.658814
0.659082
0.659076
0.658998
0.659189
0.659453
0.659447
0.659362
0.659543
0.659805
0.659802
0.659715
0.659892
0.660158
0.660162
0.660077
0.660253
0.660526
0.660541
0.660462
0.660645
0.66093
0.660962
0.660895
0.661087
0.66139
0.661446
0.661397
0.661605
0.661931
0.662013
0.661985
0.662212
