1
0.992099
0.971595
0.944165
0.914932
0.887763
0.863854
0.843405
0.826778
0.813276
0.802234
0.793466
0.786225
0.780369
0.776229
0.773348
0.771489
0.770589
0.769969
0.769461
0.769121
0.768517
0.767695
0.766734
0.765289
0.763592
0.761892
0.759975
0.758054
0.756222
0.75427
0.752473
0.750897
0.749259
0.747713
0.746265
0.744734
0.743382
0.742239
0.741117
0.740179
0.739318
0.738292
0.737265
0.736145
0.734753
0.733275
0.731646
0.729822
0.728117
0.726469
0.724701
0.722945
0.721101
0.719196
0.717523
0.715953
0.714364
0.712891
0.711386
0.709777
0.708075
0.705906
0.70315
0.700036
0.69656
0.692861
0.689158
0.685385
0.681733
0.678472
0.675523
0.672986
0.670973
0.66921
0.667537
0.665832
0.663886
0.661909
0.660154
0.658542
0.657165
0.65609
0.655235
0.654811
0.654994
0.655748
0.657135
0.658854
0.660243
0.660926
0.660642
0.659295
0.657299
0.655079
0.652947
0.651264
0.650011
0.648895
0.647758
0.646352
0.644571
0.642642
0.640581
0.638302
0.635914
0.633363
0.630614
0.627821
0.624948
0.621998
0.619157
0.616429
0.613865
0.611678
0.609866
0.60842
0.607364
0.606445
0.6055
0.604578
0.603588
0.602478
0.601222
0.599625
0.597692
0.595617
0.593425
0.591161
0.588903
0.586625
0.584486
0.582644
0.58107
0.579879
0.579137
0.578601
0.578103
0.577615
0.577117
0.576772
0.576655
0.576585
0.576446
0.576114
0.575476
0.574736
0.57411
0.573568
0.57305
0.572397
0.571466
0.570395
0.569304
0.568157
0.567028
0.565981
0.565121
0.564769
0.565087
0.56595
0.567208
0.568663
0.570169
0.571767
0.573352
0.574752
0.575985
0.57707
0.578052
0.579162
0.580563
0.582319
0.584415
0.586525
0.588249
0.589405
0.589922
0.589909
0.589582
0.588912
0.587845
0.586527
0.585092
0.583731
0.582669
0.581898
0.581281
0.580651
0.579738
0.578507
0.577179
0.575956
0.575112
0.574869
0.575134
0.575744
0.576524
0.577194
0.57763
0.577848
0.577871
0.577877
0.57805
0.578419
0.579047
0.579966
0.581152
0.582745
0.58484
0.587306
0.590036
0.592898
0.595669
0.598234
0.600447
0.602068
0.603008
0.603284
0.603053
0.602703
0.602533
0.60263
0.603034
0.603637
0.604307
0.605107
0.60605
0.607027
0.608015
0.608964
0.609814
0.610572
0.611137
0.611412
0.61147
0.611357
0.611127
0.610969
0.611017
0.611357
0.61202
0.612767
0.613282
0.613413
0.613074
0.612331
0.611363
0.610208
0.608876
0.607447
0.605961
0.604549
0.603441
0.602805
0.602861
0.603793
0.60555
0.608011
0.610997
0.614199
0.617417
0.620602
0.623706
0.626748
0.629678
0.63225
0.634254
0.635564
0.636113
0.636029
0.635444
0.634351
0.632862
0.631217
0.629675
0.62851
0.627748
0.627148
0.626545
0.625892
0.625259
0.624956
0.625244
0.626123
0.627407
0.628755
0.629833
0.630522
0.63073
0.630356
0.629425
0.627966
0.626027
0.623785
0.621412
0.619096
0.617051
0.615318
0.613825
0.612583
0.611586
0.610846
0.610417
0.610225
0.610147
0.610119
0.610024
0.609822
0.609562
0.609192
0.608655
0.60799
0.607212
0.606401
0.60572
0.605275
0.605208
0.605657
0.606602
0.607995
0.609741
0.611554
0.613093
0.614097
0.614408
0.614098
0.61334
0.612228
0.610893
0.609447
0.607917
0.606425
0.605086
0.603888
0.602846
0.601996
0.601341
0.600906
0.600604
0.600213
0.599617
0.598806
0.597824
0.596807
0.595845
0.595026
0.594567
0.594624
0.595158
0.596032
0.597028
0.597944
0.598685
0.599092
0.59897
0.598265
0.597012
0.595345
0.593509
0.591704
0.590124
0.588991
0.588363
0.58813
0.588107
0.587986
0.587511
0.586645
0.58544
0.584002
0.582477
0.580943
0.579523
0.578413
0.577689
0.577272
0.576959
0.576492
0.575899
0.575526
0.575684
0.57646
0.577666
0.578907
0.579854
0.580321
0.58018
0.579453
0.578256
0.576658
0.574818
0.572939
0.571085
0.569231
0.567315
0.565302
0.563349
0.561707
0.560573
0.560081
0.560141
0.560419
0.56062
0.560573
0.560253
0.559833
0.559494
0.559299
0.559291
0.559432
0.559614
0.559804
0.559999
0.560187
0.560385
0.560511
0.560425
0.560055
0.559338
0.558217
0.556701
0.554806
0.552607
0.550322
0.548204
0.54647
0.545226
0.544327
0.543515
0.542613
0.541532
0.540317
0.539134
0.538085
0.537253
0.53679
0.536826
0.537421
0.538577
0.540191
0.542088
0.543972
0.545419
0.54615
0.54617
0.545635
0.544756
0.543653
0.542267
0.540578
0.538706
0.536835
0.535227
0.534119
0.533588
0.533674
0.534401
0.535675
0.537335
0.539206
0.541177
0.543312
0.54569
0.548197
0.550579
0.552467
0.553471
0.553444
0.552464
0.550686
0.548325
0.545605
0.54274
0.539993
0.537545
0.535495
0.534017
0.533225
0.533027
0.533202
0.533429
0.53338
0.532908
0.532014
0.530798
0.529455
0.528134
0.526866
0.525549
0.523926
0.521781
0.519152
0.516244
0.513267
0.510383
0.50772
0.505491
0.50399
0.503385
0.50365
0.504621
0.50603
0.507672
0.509474
0.511328
0.513082
0.514549
0.515505
0.515858
0.515713
0.515175
0.514262
0.512905
0.511006
0.508656
0.506124
0.503665
0.501485
0.4997
0.498261
0.497078
0.496054
0.495078
0.494123
0.493225
0.492375
0.491584
0.490862
0.490152
0.489356
0.488338
0.48702
0.485535
0.484116
0.482897
0.481878
0.480919
0.479847
0.478639
0.477347
0.475989
0.47463
0.473371
0.472321
0.471559
0.470964
0.470301
0.46953
0.468826
0.468439
0.468554
0.469131
0.469974
0.470886
0.471688
0.472263
0.472623
0.472847
0.473093
0.473577
0.474332
0.475156
0.475738
0.47576
0.475084
0.473828
0.472197
0.470403
0.468651
0.467048
0.465625
0.46439
0.463281
0.46225
0.461287
0.460345
0.459392
0.458429
0.457442
0.456483
0.455636
0.454898
0.454269
0.453797
0.453489
0.453321
0.453223
0.453068
0.452778
0.452323
0.451651
0.450801
0.449903
0.449075
0.448356
0.447619
0.44663
0.445301
0.443688
0.441866
0.439967
0.438112
0.436305
0.434478
0.432558
0.430616
0.428922
0.42772
0.427018
0.426636
0.426277
0.42571
0.424918
0.423982
0.422999
0.422123
0.421478
0.421116
0.421009
0.420962
0.420734
0.420232
0.419542
0.418906
0.418598
0.418714
0.419243
0.420213
0.421557
0.423025
0.424292
0.4251
0.425361
0.425151
0.424581
0.4238
0.422996
0.422294
0.421757
0.421432
0.42135
0.421603
0.422316
0.423513
0.425098
0.426907
0.428708
0.430262
0.43143
0.432198
0.432705
0.433161
0.433662
0.434158
0.434477
0.434432
0.433989
0.433246
0.432284
0.431117
0.429678
0.427855
0.425642
0.423122
0.420355
0.417381
0.414236
0.411031
0.408059
0.405675
0.404091
0.403337
0.403255
0.403599
0.404222
0.405096
0.406267
0.407852
0.409922
0.412412
0.415162
0.417939
0.420505
0.422717
0.424504
0.425798
0.426541
0.426687
0.426305
0.425642
0.424965
0.424441
0.42414
0.424022
0.424015
0.424081
0.424144
0.424096
0.423866
0.423381
0.422594
0.421526
0.420243
0.418926
0.417875
0.41732
0.417286
0.417577
0.417856
0.417847
0.417437
0.416597
0.415381
0.413918
0.412332
0.410745
0.409234
0.407805
0.406514
0.405473
0.40473
0.404287
0.404117
0.404134
0.404257
0.404403
0.40448
0.404551
0.404813
0.405423
0.406417
0.407686
0.409053
0.410434
0.411793
0.41303
0.41403
0.414721
0.415126
0.415383
0.41562
0.4159
0.416303
0.416928
0.417906
0.419396
0.42137
0.423533
0.425497
0.426927
0.427635
0.427642
0.427083
0.426127
0.424917
0.4235
0.421853
0.419953
0.417783
0.415371
0.412826
0.410264
0.407855
0.405856
0.404468
0.403783
0.403816
0.404482
0.405615
0.406979
0.40822
0.409019
0.409259
0.409018
0.408498
0.407897
0.407249
0.406456
0.405408
0.404071
0.402598
0.401285
0.400404
0.400098
0.400302
0.400745
0.401147
0.401316
0.401153
0.400712
0.400138
0.399573
0.39915
0.398941
0.398907
0.398977
0.399061
0.399029
0.398803
0.398375
0.397762
0.396995
0.396105
0.395124
0.394089
0.392942
0.39159
0.390069
0.388521
0.387076
0.38584
0.384868
0.384113
0.383413
0.382494
0.381123
0.379262
0.377008
0.374535
0.372063
0.369766
0.367748
0.366065
0.364667
0.363423
0.362228
0.361028
0.359817
0.358646
0.357584
0.356702
0.356017
0.355393
0.354598
0.353402
0.351621
0.349193
0.346189
0.342752
0.339142
0.335702
0.332692
0.330224
0.328288
0.326794
0.325659
0.324819
0.32417
0.3236
0.322996
0.322259
0.321385
0.320427
0.319404
0.318379
0.317457
0.316668
0.315956
0.315215
0.314347
0.313363
0.31236
0.31143
0.31063
0.309911
0.309116
0.308092
0.306755
0.305109
0.303276
0.301381
0.299515
0.297834
0.296542
0.29573
0.295259
0.294788
0.29399
0.292765
0.291166
0.289272
0.287197
0.2851
0.283175
0.281608
0.280454
0.279635
0.27903
0.278482
0.277795
0.276819
0.275539
0.274096
0.272721
0.271614
0.270889
0.27051
0.270237
0.269812
