1
0.987433
0.953794
0.907873
0.858057
0.809719
0.76526
0.725297
0.689676
0.657995
0.629927
0.605296
0.584036
0.56608
0.551133
0.538697
0.528267
0.519366
0.511619
0.504769
0.49856
0.492684
0.486871
0.480907
0.474747
0.46858
0.462792
0.457833
0.454038
0.451484
0.450085
0.449775
0.450521
0.452233
0.454657
0.457361
0.459874
0.461755
0.462646
0.462388
0.461086
0.459132
0.457165
0.45584
0.455533
0.456208
0.457516
0.459073
0.460609
0.461953
0.463204
0.464748
0.466875
0.469446
0.472013
0.474152
0.475754
0.476979
0.47788
0.47824
0.477792
0.476409
0.474141
0.471146
0.467664
0.46399
0.460382
0.456975
0.453833
0.450987
0.448446
0.446246
0.444426
0.443015
0.441968
0.441044
0.439929
0.438472
0.436665
0.434541
0.432261
0.430208
0.428897
0.428737
0.429747
0.431455
0.433094
0.433952
0.433705
0.432481
0.430591
0.428174
0.425087
0.42111
0.416277
0.410977
0.40575
0.400988
0.396724
0.392722
0.388783
0.384891
0.381228
0.378175
0.376206
0.375572
0.376015
0.376808
0.377149
0.376602
0.37523
0.373312
0.370975
0.36808
0.364429
0.360002
0.355078
0.350157
0.345694
0.34189
0.338747
0.336216
0.334249
0.332703
0.331243
0.329424
0.326882
0.323456
0.319237
0.314545
0.309758
0.305175
0.301023
0.297531
0.294934
0.29338
0.292837
0.293128
0.294116
0.295729
0.29785
0.300294
0.302882
0.305531
0.308334
0.31143
0.314724
0.317837
0.320362
0.322073
0.322979
0.323253
0.323149
0.322835
0.322288
0.321389
0.320093
0.318516
0.316987
0.315885
0.3153
0.314863
0.313904
0.311882
0.308767
0.304959
0.300809
0.296318
0.291269
0.285498
0.279095
0.27243
0.266083
0.260631
0.256375
0.253281
0.251186
0.249915
0.249225
0.248881
0.248785
0.248963
0.249349
0.249618
0.249343
0.248323
0.246665
0.244621
0.24244
0.240322
0.238481
0.237151
0.236518
0.236671
0.237555
0.238937
0.240507
0.242022
0.243283
0.244172
0.244719
0.245064
0.245358
0.245703
0.246148
0.246647
0.246981
0.24678
0.245713
0.243694
0.240923
0.237704
0.234215
0.230499
0.226598
0.222611
0.218607
0.21459
0.210637
0.207026
0.204086
0.201867
0.199972
0.197794
0.194935
0.19141
0.187524
0.183554
0.179558
0.175542
0.171731
0.168506
0.166032
0.164085
0.162253
0.160246
0.158111
0.156245
0.155188
0.155348
0.156716
0.158751
0.160644
0.16179
0.162044
0.161685
0.161187
0.16096
0.161284
0.162355
0.164207
0.16662
0.169178
0.171379
0.172699
0.172811
0.171833
0.170379
0.16931
0.169233
0.170153
0.171553
0.172787
0.173501
0.17375
0.173797
0.173897
0.174231
0.174918
0.176048
0.177602
0.179344
0.180856
0.181748
0.181841
0.181177
0.179942
0.178507
0.177401
0.177016
0.177278
0.177675
0.177588
0.176608
0.174603
0.171669
0.168075
0.164255
0.160693
0.1577
0.155349
0.153632
0.152615
0.152386
0.152979
0.154397
0.156637
0.159687
0.163485
0.167781
0.171997
0.17537
0.177349
0.177882
0.17734
0.176195
0.174761
0.17316
0.171429
0.169605
0.167769
0.166051
0.164524
0.163103
0.161636
0.160075
0.158595
0.157476
0.156873
0.156799
0.157286
0.15848
0.160543
0.163504
0.167275
0.171789
0.176966
0.182586
0.188392
0.194256
0.200127
0.205958
0.211799
0.217786
0.223962
0.230114
0.235779
0.240455
0.243845
0.245865
0.246514
0.245858
0.244131
0.241735
0.23909
0.236561
0.234504
0.233231
0.232919
0.233571
0.235062
0.237208
0.239838
0.242821
0.246038
0.249342
0.252576
0.255568
0.258073
0.259804
0.26057
0.260334
0.259229
0.257522
0.255447
0.253058
0.250288
0.247083
0.243436
0.239362
0.234932
0.230376
0.226108
0.22257
0.220032
0.218521
0.217901
0.217972
0.218483
0.219129
0.219583
0.219589
0.21915
0.218613
0.218465
0.219039
0.220381
0.222315
0.224565
0.226854
0.229004
0.231033
0.233119
0.235392
0.237857
0.240424
0.24285
0.244761
0.245895
0.24625
0.245977
0.245161
0.243695
0.241387
0.238197
0.234464
0.230914
0.228384
0.227431
0.228093
0.229987
0.232527
0.235142
0.237532
0.239781
0.242108
0.244498
0.246715
0.248599
0.25019
0.251622
0.253094
0.254986
0.257777
0.261759
0.266864
0.272699
0.278703
0.284354
0.289302
0.293402
0.296677
0.299258
0.301291
0.302951
0.30454
0.306451
0.308981
0.312103
0.315421
0.318336
0.320332
0.321242
0.321348
0.321269
0.321729
0.323261
0.325954
0.329366
0.332694
0.335129
0.336222
0.336075
0.335174
0.333978
0.332629
0.330947
0.328606
0.325316
0.320971
0.315668
0.309721
0.303655
0.297995
0.292977
0.288544
0.284577
0.281109
0.278386
0.276746
0.276409
0.277358
0.279394
0.282137
0.285018
0.28745
0.289148
0.290223
0.29099
0.291762
0.292818
0.294419
0.296745
0.299765
0.30324
0.306944
0.310807
0.314767
0.318569
0.321799
0.324081
0.325286
0.325561
0.325198
0.324467
0.323467
0.322129
0.320401
0.318479
0.316864
0.316197
0.316978
0.319301
0.322751
0.326527
0.329792
0.33203
0.333114
0.333199
0.332618
0.33176
0.330882
0.330055
0.329309
0.328738
0.328419
0.328355
0.328462
0.328504
0.328113
0.326981
0.324986
0.322157
0.318646
0.314766
0.310932
0.307428
0.304239
0.301196
0.298279
0.295683
0.293702
0.29266
0.292794
0.294079
0.296239
0.299006
0.302337
0.306259
0.310507
0.314486
0.31759
0.319436
0.319913
0.31918
0.317591
0.315554
0.313364
0.311135
0.308867
0.306516
0.304068
0.301572
0.299161
0.297063
0.29545
0.294192
0.292911
0.291443
0.290132
0.289536
0.289917
0.291022
0.29221
0.292798
0.292357
0.290775
0.28815
0.284682
0.280622
0.276256
0.271897
0.26785
0.264358
0.261498
0.259191
0.257441
0.256539
0.256851
0.25833
0.260373
0.262197
0.263244
0.263356
0.26274
0.261838
0.261117
0.260898
0.261326
0.262427
0.264161
0.266426
0.269059
0.271929
0.274985
0.2782
0.281514
0.284815
0.287942
0.290708
0.292959
0.294668
0.295928
0.296867
0.297627
0.298388
0.29932
0.300534
0.30208
0.303884
0.305744
0.307445
0.308926
0.310302
0.311716
0.313174
0.31456
0.31568
0.316229
0.315822
0.314164
0.311276
0.307592
0.303758
0.300195
0.296888
0.293536
0.289906
0.286067
0.282378
0.279237
0.276829
0.275069
0.273723
0.272582
0.271594
0.270926
0.270865
0.271637
0.273271
0.275586
0.278243
0.280814
0.282881
0.284153
0.284553
0.284196
0.283308
0.282101
0.280664
0.278901
0.276649
0.273823
0.270483
0.26691
0.263642
0.261343
0.260474
0.26106
0.262761
0.265176
0.268088
0.271478
0.275318
0.279376
0.283215
0.286282
0.288072
0.28832
0.287112
0.284727
0.281423
0.277437
0.273087
0.268694
0.264382
0.260032
0.255516
0.250992
0.246936
0.243907
0.242254
0.241989
0.242879
0.244626
0.246961
0.249671
0.252674
0.256038
0.259922
0.264474
0.269772
0.275698
0.28183
0.287565
0.2924
0.296146
0.298938
0.30108
0.302914
0.30474
0.306696
0.308619
0.310061
0.310543
0.30982
0.307975
0.305391
0.302588
0.299958
0.29756
0.295111
0.292165
0.288406
0.283851
0.278845
0.273823
0.269044
0.264504
0.260055
0.255608
0.25123
0.247129
0.243617
0.240981
0.239321
0.238526
0.238413
0.238813
0.239531
0.240313
0.240948
0.241423
0.241902
0.242549
0.243355
0.244171
0.244883
0.245405
0.245604
0.245331
0.244581
0.243569
0.242628
0.242005
0.241781
0.24195
0.242533
0.243491
0.244636
0.245741
0.246681
0.247426
0.248042
0.248695
0.249522
0.250437
0.251106
0.25116
0.250363
0.248584
0.245732
0.241868
0.237364
0.232834
0.228843
0.225641
0.22318
0.221322
0.219984
0.219112
0.218635
0.218514
0.218818
0.219683
0.22121
0.223406
0.226158
0.229287
0.232657
0.236189
0.23977
0.243236
0.246416
0.249208
0.251586
0.253508
0.254827
0.255303
0.254739
0.253142
0.25075
0.247939
0.245078
0.24243
0.240079
0.237822
0.235211
0.231861
0.22784
0.223745
0.220323
0.218004
0.216809
0.216606
0.217336
0.218997
0.221514
0.224655
0.228008
0.231035
0.233225
0.234313
0.234374
0.233687
0.232544
0.231169
0.229764
0.22855
0.227735
0.227452
0.227681
0.228259
0.228949
0.229541
0.229878
0.229824
0.229238
0.228001
0.226046
0.223343
0.219891
0.2158
0.211418
0.207257
0.203683
0.200638
0.197728
0.194687
0.191742
0.189469
0.188322
0.188316
0.189201
0.190857
0.193384
0.19678
0.200684
0.204498
0.207714
0.21011
0.211654
0.21236
0.212303
0.211636
0.210525
0.209107
0.207478
0.20563
0.20347
0.200914
0.197957
0.194748
0.191628
0.189066
0.187502
0.187162
0.187997
0.189786
0.192282
0.195235
0.198326
0.201186
0.203574
0.205487
0.207028
0.208243
0.209112
0.209665
0.210027
0.210322
0.210532
0.210508
0.210153
0.209584
0.209141
0.20919
0.209841
0.210896
0.211983
0.212698
0.212816
0.212484
0.212047
0.211603
0.210844
0.209393
0.207197
0.204541
0.201824
