1
0.985839
0.947802
0.895526
0.83832
0.782278
0.730248
0.683135
0.640891
0.603046
0.569147
0.538878
0.512135
0.489004
0.469354
0.452746
0.438678
0.426645
0.416226
0.407114
0.398978
0.391461
0.384266
0.377056
0.369553
0.361669
0.353612
0.345871
0.338961
0.333159
0.328618
0.325573
0.324269
0.324754
0.326706
0.32949
0.332423
0.334897
0.336439
0.336846
0.336205
0.334839
0.333319
0.332267
0.332135
0.33308
0.334978
0.33758
0.340612
0.343799
0.347161
0.351114
0.356002
0.361651
0.367498
0.373022
0.378118
0.382992
0.387671
0.391833
0.39507
0.397087
0.397734
0.396993
0.395003
0.392082
0.388625
0.384954
0.381323
0.377904
0.374828
0.37229
0.370517
0.369661
0.369661
0.370125
0.370579
0.370802
0.370744
0.370357
0.369698
0.369073
0.368974
0.369829
0.371646
0.373914
0.37583
0.376657
0.37604
0.374079
0.371098
0.367322
0.362753
0.357298
0.351072
0.344526
0.338245
0.332635
0.32768
0.323054
0.318482
0.313907
0.309502
0.305694
0.303022
0.301794
0.3018
0.302352
0.302655
0.302233
0.301069
0.299337
0.297066
0.294083
0.290255
0.285713
0.280907
0.276495
0.273031
0.270698
0.269385
0.268861
0.268825
0.268887
0.268562
0.267359
0.264927
0.261124
0.256072
0.25024
0.244302
0.238895
0.234501
0.231506
0.230208
0.230707
0.232779
0.235944
0.239738
0.243835
0.247984
0.252023
0.2559
0.259693
0.263657
0.268052
0.272816
0.277525
0.281655
0.28479
0.28675
0.287611
0.28765
0.287142
0.286186
0.284791
0.282996
0.280924
0.278862
0.277158
0.275892
0.274677
0.272837
0.26989
0.265937
0.261502
0.256937
0.252114
0.246673
0.240462
0.233749
0.22711
0.221209
0.216535
0.213177
0.210897
0.209473
0.208793
0.208715
0.209104
0.209955
0.211322
0.213058
0.214639
0.215433
0.21512
0.213809
0.211869
0.209738
0.207805
0.206394
0.205747
0.205974
0.207049
0.208854
0.211161
0.213723
0.216349
0.218834
0.220977
0.222674
0.22395
0.224934
0.225789
0.22666
0.227602
0.228486
0.229005
0.228877
0.228019
0.226561
0.22466
0.222335
0.21953
0.21631
0.212867
0.209343
0.205732
0.202044
0.198527
0.195554
0.193213
0.191061
0.188378
0.184676
0.179959
0.174575
0.168841
0.162881
0.156829
0.151082
0.146172
0.142322
0.139287
0.136626
0.134073
0.131778
0.130268
0.130154
0.131771
0.134912
0.13882
0.142563
0.145526
0.147617
0.149112
0.150357
0.151575
0.152909
0.154514
0.156472
0.158682
0.16092
0.162906
0.164316
0.164968
0.165042
0.165128
0.16597
0.167972
0.17091
0.174136
0.177028
0.179322
0.181097
0.182574
0.183972
0.185467
0.187187
0.189198
0.191423
0.193558
0.195183
0.195972
0.195844
0.194921
0.193439
0.191791
0.190465
0.189742
0.189407
0.188861
0.187495
0.184997
0.18138
0.176836
0.171647
0.166217
0.16103
0.156492
0.152809
0.150064
0.148316
0.147575
0.147767
0.148805
0.150646
0.153308
0.156825
0.161018
0.165226
0.168478
0.170036
0.169791
0.168165
0.165725
0.162931
0.160108
0.157522
0.155367
0.153735
0.152629
0.151895
0.15121
0.150265
0.14894
0.147394
0.145939
0.144811
0.14412
0.143985
0.144638
0.146328
0.149142
0.153012
0.157849
0.16349
0.169597
0.175864
0.1822
0.188585
0.194953
0.201319
0.20778
0.214347
0.22079
0.226662
0.231536
0.23522
0.237672
0.238807
0.238525
0.23695
0.234498
0.231693
0.229015
0.226899
0.225712
0.225639
0.226595
0.228278
0.230361
0.232696
0.23537
0.238502
0.242031
0.24571
0.249234
0.252263
0.254453
0.255565
0.2555
0.254293
0.252137
0.249272
0.245852
0.241933
0.237556
0.232761
0.227585
0.222089
0.216444
0.210979
0.206065
0.201964
0.198744
0.196326
0.194588
0.193379
0.192461
0.191489
0.190115
0.18828
0.186387
0.185077
0.184798
0.185612
0.187308
0.189577
0.192085
0.194579
0.197021
0.199525
0.202157
0.204909
0.207783
0.210671
0.213235
0.215094
0.216039
0.216021
0.215033
0.21301
0.209872
0.205707
0.200979
0.19652
0.193268
0.191882
0.1925
0.194775
0.198068
0.201715
0.205347
0.209007
0.212844
0.216705
0.220184
0.22302
0.225259
0.227078
0.2287
0.230537
0.233156
0.236956
0.24193
0.247683
0.253632
0.25924
0.26415
0.268185
0.271339
0.273729
0.275479
0.276713
0.27771
0.27893
0.280795
0.2834
0.286437
0.289342
0.291568
0.292844
0.29332
0.293555
0.294319
0.296225
0.299394
0.303326
0.307087
0.309714
0.310623
0.309815
0.307737
0.30491
0.301628
0.297893
0.293511
0.28825
0.282005
0.274824
0.266965
0.25894
0.251335
0.244473
0.238322
0.23272
0.227644
0.223359
0.220337
0.219007
0.219557
0.221873
0.22546
0.229505
0.233183
0.236062
0.238168
0.239748
0.241065
0.242415
0.244164
0.246639
0.24992
0.253782
0.257939
0.262235
0.266567
0.270733
0.274406
0.277249
0.279071
0.279885
0.279855
0.279192
0.278023
0.276376
0.274328
0.272184
0.270521
0.270053
0.271323
0.274393
0.278744
0.283454
0.287634
0.290785
0.29282
0.293862
0.294153
0.293959
0.293435
0.292599
0.291491
0.290263
0.289139
0.288363
0.28809
0.288189
0.288255
0.287863
0.286716
0.284605
0.281464
0.277514
0.27324
0.2691
0.265267
0.26167
0.258281
0.255241
0.252849
0.251512
0.251556
0.252952
0.255339
0.258358
0.261936
0.266114
0.270616
0.274768
0.277854
0.279381
0.279199
0.277561
0.275047
0.272311
0.269791
0.267582
0.265548
0.263477
0.261211
0.258698
0.256032
0.253459
0.251191
0.249101
0.246807
0.244189
0.241692
0.239988
0.239392
0.239635
0.240031
0.239897
0.238892
0.237034
0.234517
0.231574
0.228445
0.225358
0.222492
0.21999
0.218004
0.216666
0.216088
0.216474
0.218144
0.221228
0.225265
0.229312
0.232496
0.234406
0.235114
0.235023
0.23466
0.234463
0.234624
0.235156
0.236025
0.237247
0.238899
0.241055
0.24377
0.247085
0.250996
0.255424
0.260161
0.264838
0.269024
0.272398
0.274889
0.276606
0.277706
0.278384
0.27892
0.279562
0.280452
0.281636
0.283011
0.284332
0.285359
0.286044
0.286545
0.287059
0.287644
0.288209
0.288581
0.288498
0.287625
0.285697
0.282734
0.279162
0.275606
0.272435
0.269566
0.266624
0.263301
0.25964
0.256041
0.252985
0.250733
0.2492
0.248049
0.246902
0.245571
0.244228
0.243359
0.24347
0.244792
0.247155
0.250051
0.25278
0.254656
0.255221
0.254379
0.25232
0.249352
0.24578
0.241843
0.237626
0.233119
0.228344
0.223466
0.218897
0.215303
0.213385
0.213483
0.215368
0.218423
0.222031
0.225858
0.229872
0.234082
0.238273
0.242003
0.244769
0.246191
0.246169
0.24491
0.242725
0.239827
0.236354
0.232501
0.228492
0.224389
0.220045
0.215337
0.210497
0.206118
0.202864
0.201121
0.200907
0.202046
0.20434
0.207586
0.21156
0.216087
0.221127
0.22676
0.233087
0.240122
0.247612
0.254941
0.261364
0.266397
0.270004
0.272459
0.274118
0.275359
0.276565
0.277982
0.279501
0.280634
0.280811
0.279737
0.277521
0.274599
0.271546
0.268774
0.266296
0.263738
0.260613
0.256681
0.252093
0.247281
0.242677
0.238423
0.234268
0.229798
0.224802
0.219438
0.214171
0.20965
0.206458
0.204829
0.204562
0.205217
0.206349
0.207616
0.208789
0.209795
0.21071
0.211661
0.212663
0.213527
0.213994
0.213954
0.213425
0.212416
0.21094
0.209165
0.207469
0.206297
0.205914
0.206336
0.207486
0.209349
0.211889
0.214911
0.218132
0.221284
0.224107
0.226404
0.228119
0.229244
0.229652
0.229116
0.227528
0.224963
0.221514
0.217204
0.212174
0.206919
0.202172
0.198507
0.19603
0.194446
0.193359
0.192498
0.191755
0.191135
0.190767
0.190906
0.191818
0.193659
0.196437
0.200018
0.2042
0.208803
0.213692
0.218693
0.223578
0.22811
0.232116
0.235496
0.238177
0.240056
0.240984
0.240854
0.239722
0.237835
0.23552
0.233055
0.230611
0.228206
0.225623
0.222463
0.218499
0.214057
0.209992
0.207136
0.205802
0.205848
0.207085
0.209476
0.212981
0.217379
0.222242
0.226978
0.230892
0.233387
0.234209
0.233496
0.231627
0.229071
0.226325
0.223869
0.222084
0.221157
0.22105
0.221566
0.222446
0.223447
0.224351
0.224936
0.224969
0.224226
0.22253
0.219754
0.215802
0.210662
0.204593
0.198205
0.192213
0.187011
0.182455
0.1781
0.173753
0.169811
0.167048
0.166068
0.16695
0.169429
0.173313
0.17851
0.184668
0.191044
0.1968
0.201414
0.204791
0.207049
0.208294
0.208631
0.208184
0.207056
0.205383
0.203353
0.201087
0.19858
0.195787
0.192732
0.189579
0.186647
0.184358
0.183131
0.183214
0.184579
0.186993
0.190176
0.193818
0.197528
0.200899
0.203725
0.206113
0.208282
0.210302
0.212057
0.213429
0.214451
0.21526
0.215942
0.21649
0.216899
0.217238
0.217673
0.218354
0.21922
0.220003
0.220355
0.219963
0.218745
0.216996
0.215149
0.21328
0.210979
0.207811
0.20377
0.199281
0.194927
