1
0.97437
0.914035
0.845693
0.784629
0.737426
0.703591
0.677914
0.656263
0.635059
0.611568
0.586802
0.563285
0.542615
0.526839
0.517144
0.511875
0.50798
0.504092
0.500514
0.497881
0.496633
0.497108
0.498811
0.501021
0.5023
0.501575
0.499897
0.497969
0.494054
0.487348
0.479693
0.473214
0.468844
0.46591
0.462245
0.456864
0.449064
0.437163
0.420689
0.400627
0.379359
0.359814
0.344164
0.333446
0.327355
0.324481
0.32292
0.320645
0.316369
0.310678
0.305203
0.301224
0.299812
0.301666
0.306285
0.312338
0.318232
0.322057
0.322517
0.319974
0.3163
0.313187
0.310835
0.308105
0.304877
0.301867
0.300376
0.301558
0.304511
0.307978
0.311426
0.313602
0.313192
0.310869
0.309084
0.309784
0.314126
0.322999
0.335537
0.349547
0.362839
0.373412
0.381172
0.388306
0.395726
0.402781
0.409487
0.414543
0.415703
0.413617
0.410513
0.40825
0.40878
0.412125
0.415765
0.416912
0.414297
0.408434
0.401392
0.395545
0.391396
0.388333
0.385692
0.383526
0.383668
0.387476
0.393171
0.397721
0.400228
0.401885
0.403968
0.407166
0.410925
0.414046
0.416243
0.417266
0.416511
0.414439
0.411539
0.406102
0.396773
0.385273
0.37476
0.367393
0.363494
0.362054
0.361643
0.360944
0.359485
0.357419
0.355281
0.353355
0.351446
0.349713
0.348416
0.346592
0.342882
0.336886
0.329773
0.323213
0.317871
0.31313
0.308682
0.30485
0.300911
0.295457
0.288438
0.280626
0.27263
0.264775
0.257883
0.253019
0.250487
0.249251
0.247741
0.244962
0.240483
0.234097
0.226347
0.219168
0.215003
0.214734
0.217247
0.220485
0.222782
0.223316
0.221828
0.218963
0.216334
0.21517
0.215185
0.215098
0.214372
0.213403
0.212071
0.209599
0.206269
0.203879
0.203266
0.203593
0.203987
0.204108
0.203902
0.203297
0.202431
0.201826
0.201795
0.202107
0.20221
0.202109
0.202454
0.203284
0.204064
0.20506
0.2073
0.211286
0.216106
0.220146
0.222134
0.221688
0.219205
0.215853
0.212863
0.210798
0.209613
0.20937
0.209708
0.209457
0.207887
0.205667
0.204294
0.204931
0.207503
0.210823
0.213669
0.215544
0.21665
0.217766
0.219941
0.223654
0.228174
0.23271
0.237368
0.242159
0.246576
0.250163
0.252116
0.251614
0.249543
0.247618
0.246423
0.245802
0.245452
0.244633
0.242833
0.240002
0.235834
0.230705
0.226672
0.224852
0.223874
0.22205
0.218909
0.214446
0.20916
0.204518
0.201498
0.199739
0.198604
0.197512
0.196354
0.195002
0.192838
0.190522
0.18984
0.191051
0.192994
0.19471
0.19568
0.195307
0.193031
0.188871
0.183914
0.179523
0.176076
0.172726
0.168966
0.165301
0.162048
0.159258
0.157269
0.155639
0.153461
0.150971
0.148911
0.147376
0.145952
0.144172
0.141973
0.139826
0.137771
0.1358
0.134662
0.134901
0.136185
0.137632
0.138081
0.137105
0.13552
0.134045
0.132683
0.131429
0.130708
0.130769
0.131029
0.130684
0.129474
0.128108
0.127564
0.127579
0.127236
0.126296
0.125326
0.125578
0.1275
0.130228
0.132979
0.135684
0.138589
0.141672
0.144814
0.147438
0.148609
0.148321
0.14731
0.145789
0.14383
0.142357
0.142609
0.145212
0.149176
0.152572
0.154489
0.154847
0.153642
0.151514
0.149715
0.14926
0.149602
0.149604
0.149049
0.147679
0.144971
0.141204
0.137588
0.135668
0.135913
0.137141
0.138019
0.137911
0.1368
0.135152
0.133304
0.130991
0.128203
0.12556
0.123193
0.120641
0.117715
0.11492
0.112915
0.111742
0.111116
0.1112
0.112677
0.115612
0.118786
0.12113
0.122627
0.123471
0.123373
0.121981
0.119277
0.115713
0.112233
0.109622
0.108163
0.107484
0.106602
0.105111
0.103279
0.101009
0.0979776
0.0943943
0.0908144
0.0875386
0.0846083
0.081879
0.079209
0.0766594
0.0742304
0.0717483
0.0693062
0.0673917
0.0662894
0.065849
0.0656984
0.0655121
0.0652
0.0646351
0.0640111
0.0640383
0.0650411
0.0666413
0.0683136
0.0697005
0.0705854
0.0708927
0.0710171
0.0713424
0.071698
0.0718227
0.071763
0.071974
0.0727774
0.0738314
0.0745577
0.0748218
0.0747179
0.0740496
0.0730478
0.0725475
0.0730614
0.0743128
0.0757222
0.0772682
0.0791184
0.0809879
0.0826101
0.0838473
0.0846027
0.085092
0.0856853
0.0862487
0.0863098
0.0859058
0.0851294
0.0837343
0.081614
0.0792011
0.0776022
0.0776088
0.0788185
0.0802435
0.0812365
0.0820544
0.0831045
0.084239
0.0852531
0.0861743
0.0869124
0.0874331
0.0875085
0.0863802
0.0838202
0.0805916
0.0775406
0.0753529
0.0744488
0.0745588
0.0751866
0.0759135
0.0761636
0.0756307
0.0748846
0.0748082
0.0754116
0.0756914
0.0745822
0.0719417
0.0683798
0.0644685
0.0606236
0.05728
0.0549637
0.0536387
0.0523138
0.049934
0.0462742
0.0420771
0.0386791
0.0371135
0.0372605
0.0380765
0.0388668
0.039687
0.0407416
0.0417089
0.042036
0.0415958
0.0407515
0.0400147
0.0398169
0.0401693
0.040596
0.0409533
0.0416474
0.0428777
0.0446158
0.0464026
0.047625
0.048163
0.0484087
0.0487647
0.0491988
0.0493605
0.0491035
0.0486108
0.0484096
0.0490406
0.0504892
0.0523448
0.0544285
0.0566873
0.0586606
0.0596756
0.0595835
0.0586402
0.0570223
0.0549508
0.053169
0.0524188
0.0524158
0.0526251
0.0531183
0.0542446
0.0561753
0.0587825
0.0617985
0.0648997
0.0676867
0.069997
0.0720511
0.073909
0.0755619
0.077305
0.079033
0.0803738
0.0815904
0.0831009
0.084765
0.0862
0.0869011
0.086546
0.0855984
0.0847586
0.0840573
0.0830499
0.0813016
0.0782899
0.0739263
0.0688774
0.0640101
0.059993
0.0573176
0.0560772
0.0555656
0.0549612
0.0540137
0.052967
0.0523005
0.052178
0.0523821
0.0528149
0.0534239
0.0538605
0.0538889
0.0534574
0.0524745
0.0511495
0.0501216
0.0498898
0.0503137
0.0506316
0.0498814
0.0479257
0.0457244
0.0441435
0.0432343
0.0425441
0.0417186
0.0405352
0.0386426
0.0359954
0.0330613
0.0302164
0.0274313
0.0246728
0.0221801
0.0202777
0.0189422
0.0176638
0.0163636
0.0160633
0.0179074
0.0213216
0.0246413
0.0266909
0.027506
0.0279638
0.0285132
0.0292401
0.0301563
0.0313892
0.033341
0.0360875
0.0389543
0.0413655
0.0434891
0.0457687
0.0481992
0.0505516
0.0526191
0.0539605
0.0543262
0.0543475
0.0551568
0.0572674
0.060188
0.0631846
0.0659289
0.0686342
0.0716911
0.0749538
0.0776709
0.0791076
0.0793249
0.0789846
0.0785997
0.0782189
0.0775962
0.0765145
0.0750617
0.0737665
0.0730264
0.0726437
0.0722425
0.0716348
0.070834
0.0701668
0.0701097
0.0708701
0.072095
0.0732354
0.074047
0.0747241
0.0755341
0.0764748
0.0773294
0.0779425
0.0786301
0.0801331
0.0825853
0.0854312
0.0881834
0.0901919
0.0910691
0.0915023
0.092048
0.0922721
0.0916481
0.0899483
0.0870614
0.0831128
0.0785213
0.0740831
0.0706817
0.0683345
0.0660439
0.0626805
0.0578362
0.052078
0.0465177
0.0422128
0.0394074
0.0375981
0.0365485
0.0362492
0.0362404
0.0360874
0.0356876
0.0351998
0.0346815
0.0339888
0.0328592
0.031466
0.0304949
0.030156
0.0297995
0.0289871
0.0279264
0.0269861
0.026514
0.0264231
0.0261109
0.02534
0.0245866
0.0241218
0.0236756
0.0235316
0.0246
0.0269553
0.0299117
0.0328334
0.0354946
0.0381222
0.040858
0.043679
0.0468262
0.0506113
0.0551957
0.060352
0.0652751
0.0693419
0.0728901
0.0764632
0.0801801
0.084173
0.0881315
0.0912013
0.0932549
0.0951836
0.097915
0.101561
0.105663
0.109627
0.112716
0.114454
0.114666
0.113354
0.11101
0.108463
0.106234
0.10464
0.10403
0.104641
0.106165
0.107475
0.107551
0.106208
0.103639
0.100337
0.0970504
0.0942457
0.0924336
0.0928773
0.0963885
0.101951
0.107541
0.111616
0.113701
0.114391
0.114831
0.115751
0.11716
0.118583
0.119542
0.119844
0.119484
0.118737
0.117996
0.117771
0.118247
0.119083
0.119512
0.118864
0.117158
0.115012
0.112628
0.109373
0.104913
0.099945
0.0957377
0.0935257
0.0935179
0.094474
0.0946489
0.0930191
0.0899335
0.0870075
0.0861726
0.0884635
0.0935409
0.100052
0.106013
0.109622
0.110449
0.109478
0.107953
0.106612
0.105705
0.105435
0.105989
0.107153
0.108293
0.109384
0.111184
0.114092
0.118135
0.123081
0.128423
0.134141
0.140507
0.14722
0.153599
0.159045
0.163104
0.165787
0.167776
0.169833
0.172361
0.175704
0.179867
0.184215
0.188058
0.191574
0.195325
0.199872
0.20584
0.213688
0.223221
0.232769
0.239189
0.23973
0.234173
0.224632
0.21351
0.202395
0.192644
0.185662
0.182954
0.184825
0.189127
0.193433
0.197154
0.201107
0.206232
0.213301
0.222559
0.232728
0.242265
0.251122
0.259826
0.268817
0.277906
0.285612
0.290511
0.292134
0.290557
0.287031
0.283459
0.27969
0.274419
0.267548
0.259762
0.251552
0.24376
0.237019
0.231239
0.226455
0.22243
0.218586
0.21487
0.211649
0.208888
0.20625
0.203889
0.202189
0.201525
0.202035
0.203016
0.203527
0.203633
0.203182
0.201655
0.199383
0.197261
0.195698
0.194627
0.193846
0.192933
0.190982
0.187857
0.184731
0.182476
0.180586
0.178412
0.175642
0.172348
0.169416
0.168022
0.169035
0.17232
0.176983
0.182055
0.186305
0.189148
0.191009
0.19257
0.194564
0.197981
0.203894
0.212104
0.220744
0.227666
0.231679
0.233185
0.233297
0.23333
