1
0.961783
0.870131
0.764105
0.666695
0.585376
0.519655
0.467217
0.425788
0.393095
0.3653
0.338501
0.311612
0.286512
0.265165
0.247174
0.231297
0.21721
0.204696
0.192724
0.179693
0.164936
0.15019
0.13838
0.132083
0.131727
0.134875
0.138832
0.141994
0.143901
0.144751
0.144697
0.143686
0.14139
0.137479
0.13127
0.122473
0.112173
0.102267
0.0938097
0.0870305
0.0820995
0.0792104
0.0783318
0.0781076
0.0771115
0.0752145
0.0725041
0.0693581
0.0660855
0.0628535
0.0603297
0.0588307
0.0577238
0.0561211
0.0531882
0.0490145
0.0445989
0.0411234
0.0391025
0.0380201
0.0372268
0.0369656
0.0378743
0.0402247
0.0442032
0.0505479
0.0594828
0.0694049
0.0786523
0.0860275
0.0901262
0.0905891
0.0889423
0.0875574
0.0881147
0.0907824
0.0957549
0.103508
0.112541
0.120442
0.125927
0.129176
0.131814
0.135325
0.139462
0.143517
0.147994
0.153008
0.156612
0.15782
0.158254
0.160355
0.165173
0.172088
0.179165
0.185678
0.192302
0.198288
0.201868
0.202611
0.201412
0.19928
0.197502
0.197166
0.198498
0.200951
0.203563
0.205948
0.208638
0.212452
0.21716
0.221616
0.224644
0.225501
0.224079
0.220964
0.216903
0.212676
0.208906
0.204841
0.199001
0.191822
0.185551
0.18145
0.17851
0.175528
0.171874
0.167303
0.162417
0.158443
0.156349
0.155674
0.155247
0.155086
0.155481
0.155263
0.153517
0.150795
0.147409
0.142819
0.137081
0.130701
0.123427
0.115935
0.109986
0.105759
0.101655
0.0961867
0.088984
0.0805299
0.0711296
0.0617348
0.0546733
0.051138
0.0498058
0.0484337
0.0453917
0.0404451
0.0345534
0.0292192
0.0257113
0.0240891
0.0234152
0.0226534
0.0207254
0.0167674
0.0108919
0.0063484
0.0107809
0.0185085
0.0252676
0.0301908
0.0338358
0.0371547
0.0412185
0.0471454
0.0561227
0.0677873
0.0800239
0.0902539
0.0970891
0.101525
0.105203
0.108898
0.113015
0.117783
0.122285
0.125092
0.12637
0.128147
0.132377
0.138603
0.144857
0.150272
0.155224
0.160162
0.164576
0.167419
0.168694
0.16976
0.171333
0.172054
0.170925
0.168989
0.167226
0.165804
0.164537
0.162611
0.160159
0.159297
0.16112
0.164068
0.166762
0.169395
0.172093
0.17466
0.177004
0.179161
0.181466
0.184504
0.188046
0.191108
0.193575
0.196065
0.19843
0.200226
0.201631
0.203378
0.206205
0.209733
0.212541
0.213778
0.212805
0.208228
0.199535
0.187996
0.175353
0.163267
0.153505
0.146598
0.141418
0.136506
0.131164
0.125662
0.120411
0.115971
0.113439
0.113512
0.114914
0.115386
0.114326
0.112623
0.109997
0.105467
0.0996963
0.0941779
0.0890559
0.0841564
0.0804697
0.0791108
0.0801477
0.0816556
0.0810324
0.0777016
0.0739361
0.0729546
0.0753634
0.078981
0.0817201
0.0827162
0.0820243
0.0802519
0.0783322
0.0768926
0.0752698
0.0729196
0.0709782
0.0709231
0.0731673
0.0764668
0.0797679
0.0832759
0.0873418
0.0917655
0.0961462
0.100059
0.103252
0.10664
0.111471
0.117104
0.121346
0.122867
0.122575
0.122394
0.123106
0.123872
0.12381
0.123556
0.124375
0.126538
0.129335
0.132257
0.136526
0.142471
0.148111
0.151491
0.15157
0.149277
0.146925
0.145701
0.145645
0.146331
0.146766
0.146481
0.146378
0.147528
0.15078
0.156332
0.162769
0.168055
0.170714
0.170716
0.16982
0.169458
0.169268
0.168322
0.166864
0.166029
0.165482
0.164297
0.163214
0.163293
0.164793
0.167544
0.170738
0.173607
0.175649
0.175895
0.173657
0.16921
0.163745
0.15867
0.154689
0.151376
0.147578
0.142852
0.138068
0.133663
0.128749
0.122752
0.115895
0.107986
0.0988629
0.0895398
0.0817027
0.0767844
0.0749474
0.074954
0.0753202
0.0757765
0.0774346
0.081245
0.0864663
0.0911564
0.0938956
0.0946651
0.0939005
0.091598
0.0880615
0.0848147
0.0840214
0.086264
0.0905065
0.0955415
0.10025
0.10349
0.104788
0.10451
0.10294
0.100204
0.0971119
0.0944726
0.0921674
0.0901342
0.088621
0.0873834
0.0863777
0.0862999
0.0875256
0.0892241
0.0903746
0.0908726
0.0911147
0.091201
0.0911844
0.0914281
0.0930112
0.0972096
0.103292
0.10902
0.11355
0.117164
0.120039
0.122067
0.123029
0.123739
0.125914
0.129856
0.133982
0.136936
0.139259
0.141893
0.144953
0.148181
0.151346
0.154242
0.156253
0.156988
0.157403
0.158613
0.160363
0.16134
0.160573
0.157832
0.153553
0.149
0.145389
0.143134
0.141978
0.142326
0.145009
0.148708
0.150907
0.15121
0.15089
0.150475
0.14941
0.147497
0.14441
0.140448
0.137584
0.137418
0.140094
0.144347
0.14844
0.151973
0.155463
0.158245
0.158742
0.156763
0.15414
0.15232
0.151179
0.149634
0.146801
0.14301
0.139324
0.135826
0.131319
0.125256
0.118506
0.112563
0.108938
0.107978
0.10898
0.110601
0.111057
0.108826
0.102861
0.0933191
0.0817636
0.0704089
0.0622514
0.0596312
0.061142
0.0631162
0.063713
0.0639074
0.0651246
0.0674954
0.0704277
0.0735777
0.07646
0.0780877
0.0775353
0.0746653
0.0701473
0.0648972
0.0593921
0.05411
0.0503571
0.0502668
0.0546738
0.0617199
0.0690807
0.075229
0.0796399
0.0832866
0.087403
0.0918414
0.0959354
0.0994975
0.102531
0.104494
0.105064
0.104247
0.102272
0.0993132
0.0958985
0.0933155
0.092362
0.0925906
0.0936942
0.0963299
0.100562
0.104832
0.108132
0.111472
0.116282
0.122157
0.127725
0.132265
0.135888
0.139363
0.144249
0.151286
0.159077
0.165693
0.17
0.171898
0.172673
0.173506
0.174135
0.17444
0.175142
0.176717
0.178289
0.177937
0.174276
0.167078
0.157879
0.149375
0.143857
0.142112
0.143749
0.14798
0.15277
0.155421
0.154319
0.149778
0.143602
0.137528
0.132527
0.129172
0.127328
0.125771
0.124316
0.124361
0.126074
0.12766
0.127988
0.127741
0.127426
0.126228
0.122854
0.116299
0.107662
0.0999159
0.0948503
0.091369
0.0882299
0.086342
0.0864336
0.0873686
0.0872784
0.0848906
0.0806679
0.0762797
0.0730445
0.0711341
0.069602
0.0681834
0.0677504
0.0681453
0.0683733
0.0692514
0.0719952
0.0757377
0.0790889
0.0815749
0.0835652
0.0853772
0.0874258
0.090252
0.0938044
0.0972292
0.0998414
0.102037
0.104746
0.107698
0.109446
0.10922
0.107636
0.105985
0.105572
0.107518
0.112297
0.11894
0.125872
0.131988
0.136671
0.13963
0.140849
0.141281
0.141795
0.141553
0.13959
0.136951
0.135554
0.135448
0.135164
0.133504
0.130311
0.126405
0.122589
0.118812
0.11525
0.112675
0.111663
0.112225
0.114102
0.116368
0.118222
0.119304
0.119983
0.121537
0.124558
0.128336
0.132078
0.135782
0.139228
0.141654
0.142588
0.14245
0.142628
0.143389
0.143578
0.143197
0.143464
0.14501
0.147182
0.148939
0.149793
0.149546
0.148568
0.148572
0.151113
0.155008
0.157677
0.15748
0.154041
0.14851
0.142754
0.137716
0.133165
0.128545
0.123599
0.119215
0.116101
0.113128
0.108837
0.103573
0.0985541
0.0941053
0.0899058
0.0859337
0.0827506
0.0804365
0.0783039
0.0756161
0.0717929
0.0667091
0.0616357
0.0585965
0.0580276
0.0591695
0.0615688
0.0646118
0.0674989
0.0695219
0.0707626
0.0720047
0.073067
0.073281
0.072965
0.0731323
0.0745559
0.0769473
0.0790101
0.0795792
0.0784915
0.0764147
0.0739878
0.0729573
0.0759949
0.08367
0.0937892
0.103359
0.110363
0.114722
0.117659
0.120024
0.121731
0.123127
0.125769
0.130628
0.136548
0.141229
0.14358
0.143468
0.140859
0.136268
0.131585
0.129265
0.130097
0.133227
0.137075
0.139773
0.140357
0.139148
0.136969
0.134244
0.130582
0.125593
0.120537
0.117655
0.117732
0.119248
0.119603
0.117444
0.114071
0.111782
0.112044
0.11555
0.121314
0.127294
0.132602
0.137071
0.139734
0.139791
0.137615
0.134215
0.1307
0.127641
0.124435
0.120931
0.118135
0.116871
0.117835
0.120602
0.123228
0.124664
0.124963
0.124213
0.123274
0.123021
0.122722
0.121177
0.118737
0.116495
0.114665
0.112406
0.108956
0.104301
0.0986806
0.0921012
0.0855072
0.0803204
0.0764252
0.0729652
0.0696859
0.0663296
0.0625787
0.0585456
0.0544275
0.0500749
0.0454039
0.0405312
0.03552
0.0310114
0.0280904
0.0270694
0.0272241
0.0273949
0.0271616
0.0266713
0.0258866
0.0253278
0.026255
0.0291942
0.0335342
0.0383073
0.0428798
0.0475875
0.0531874
0.0597183
0.0662784
0.0720618
0.0768284
0.0796031
0.0790426
0.0751859
0.0698221
0.0654417
0.0635495
0.0641424
0.0664295
0.0692879
0.071556
0.0729262
0.0737751
0.074001
0.0733858
0.0724841
0.072397
0.0743537
0.078678
0.084851
0.0926564
0.101662
0.110944
0.120879
0.132238
0.144298
0.154933
0.162338
0.166921
0.17003
0.171653
0.171257
0.169431
0.167693
0.16763
0.169865
0.1727
0.17346
0.171552
0.168725
0.16681
0.166025
0.165188
0.162524
0.157218
0.150307
0.143404
0.137281
0.132342
0.129294
0.12833
0.128927
0.130016
0.130384
0.129882
0.129151
0.128756
0.128313
0.126778
0.123541
0.119002
0.113932
0.108786
0.1035
0.0982488
0.0940986
0.0917817
0.0909233
0.0899602
0.087415
0.0828035
0.0768928
0.0705919
0.0650958
0.0622757
0.0623448
0.0634299
0.0634455
0.0611134
0.0562292
0.0494345
0.041823
0.0349991
0.0302243
0.0272924
0.0253502
0.0238932
0.0220779
0.0190898
0.0158837
0.0141258
