1
0.961731
0.870127
0.764064
0.666689
0.585352
0.519667
0.467236
0.425851
0.393167
0.365387
0.338567
0.311664
0.286534
0.265164
0.247141
0.231244
0.21714
0.204623
0.192647
0.179614
0.164857
0.15013
0.138369
0.132133
0.131828
0.134986
0.138941
0.142087
0.143987
0.144818
0.144743
0.143689
0.141352
0.137392
0.131145
0.122311
0.111995
0.102083
0.0936396
0.0868751
0.0819791
0.0791183
0.0782684
0.0780389
0.0770279
0.0750957
0.0723528
0.0691672
0.0658663
0.0625994
0.0600475
0.0584875
0.057287
0.0555425
0.0524581
0.0481452
0.0436482
0.0401447
0.0381541
0.03714
0.0364429
0.0362686
0.037241
0.039631
0.0436334
0.0499937
0.0589597
0.0689311
0.0782451
0.0856941
0.0898742
0.0904013
0.0887967
0.0874269
0.0879911
0.0906621
0.0956387
0.103404
0.112469
0.12041
0.125935
0.12921
0.131865
0.135386
0.139537
0.143597
0.148079
0.153094
0.156707
0.157917
0.158358
0.16046
0.165291
0.172212
0.179298
0.185807
0.192435
0.198432
0.202038
0.202808
0.201638
0.19953
0.19777
0.197441
0.198773
0.201221
0.203831
0.206213
0.208904
0.212719
0.21743
0.221892
0.224931
0.225799
0.224393
0.221287
0.217235
0.213005
0.209228
0.205147
0.199289
0.192093
0.18581
0.181701
0.178755
0.175774
0.17212
0.167556
0.162681
0.158722
0.156636
0.155963
0.155535
0.155372
0.155755
0.155517
0.153744
0.15099
0.147567
0.14294
0.137171
0.130763
0.123468
0.115962
0.110007
0.105761
0.101623
0.096106
0.0888521
0.0803442
0.0709002
0.0614821
0.0544267
0.0508899
0.0495207
0.0480609
0.0449029
0.0398414
0.0338808
0.0285581
0.0251703
0.0237641
0.0233475
0.0228211
0.0210812
0.0172487
0.0114006
0.00650937
0.0104267
0.0181184
0.024929
0.0298998
0.0335698
0.0368805
0.0409156
0.0468031
0.05576
0.0674376
0.0797196
0.0900112
0.0969126
0.101399
0.105112
0.108827
0.112956
0.117732
0.122247
0.125068
0.126355
0.128134
0.132367
0.1386
0.144867
0.150296
0.155268
0.160226
0.164658
0.167512
0.168794
0.169858
0.171435
0.172161
0.171046
0.169124
0.16738
0.165971
0.164716
0.162794
0.160344
0.159479
0.161302
0.164255
0.166958
0.169597
0.172298
0.174866
0.177211
0.179369
0.181671
0.184706
0.18825
0.191319
0.193795
0.196289
0.198651
0.200441
0.201833
0.203568
0.206379
0.209893
0.212683
0.213904
0.212912
0.208319
0.199612
0.188068
0.17542
0.163331
0.153566
0.146655
0.141471
0.136555
0.13121
0.125704
0.120447
0.116002
0.113471
0.113547
0.114941
0.1154
0.114319
0.112597
0.109939
0.105373
0.0995723
0.0940336
0.0888998
0.0840001
0.0803234
0.0789778
0.0800088
0.0814817
0.0807995
0.0774131
0.0736079
0.0726009
0.0749698
0.0785294
0.081198
0.0821306
0.0813869
0.0795865
0.0776529
0.0762175
0.0746047
0.0722785
0.0703566
0.0703226
0.0725836
0.0759097
0.0792356
0.0827736
0.086865
0.0913205
0.0957295
0.0996721
0.102889
0.106297
0.111148
0.116805
0.121081
0.12264
0.122381
0.122227
0.122961
0.123755
0.123721
0.123493
0.124328
0.126504
0.12931
0.132246
0.136533
0.142507
0.14818
0.151595
0.151703
0.14943
0.147087
0.145866
0.145805
0.146485
0.146914
0.146628
0.146521
0.147665
0.150899
0.156433
0.16286
0.168146
0.170811
0.170813
0.169919
0.169554
0.169364
0.168416
0.166958
0.166122
0.165577
0.164394
0.163315
0.163396
0.164895
0.167644
0.170836
0.173703
0.175741
0.175982
0.173735
0.169279
0.163804
0.158717
0.154719
0.151389
0.147573
0.142836
0.138049
0.133642
0.12872
0.122717
0.11585
0.107936
0.0988073
0.0894893
0.081667
0.0767827
0.0749859
0.0750325
0.0754298
0.075916
0.0776013
0.0814209
0.0866314
0.0912835
0.0939801
0.0946985
0.0938917
0.0915456
0.0879818
0.0847132
0.0839083
0.0861283
0.0903348
0.0953155
0.0999603
0.103132
0.104367
0.104036
0.102426
0.0996647
0.096562
0.0939226
0.0916321
0.0896189
0.0881342
0.0869216
0.0859419
0.0858834
0.0871288
0.0888493
0.0900283
0.090555
0.090821
0.0909275
0.0909246
0.0911817
0.09277
0.096975
0.103069
0.10882
0.113373
0.117009
0.119905
0.121955
0.12294
0.123661
0.125837
0.129774
0.133899
0.136856
0.139184
0.141826
0.144892
0.148125
0.151293
0.154192
0.156208
0.15695
0.157369
0.158586
0.160341
0.161328
0.160571
0.157841
0.153561
0.148999
0.145369
0.143093
0.141922
0.14226
0.144947
0.148659
0.150878
0.151197
0.150886
0.150474
0.149416
0.147514
0.144445
0.140507
0.137669
0.137521
0.140203
0.144444
0.148517
0.152023
0.155486
0.158239
0.158715
0.156723
0.154097
0.152278
0.151136
0.149585
0.146744
0.142949
0.139264
0.135763
0.131247
0.125168
0.118403
0.112446
0.10881
0.107834
0.10882
0.110413
0.110842
0.108575
0.102581
0.0930119
0.0814396
0.070075
0.0619202
0.059308
0.0608164
0.0627743
0.063349
0.0635284
0.0647319
0.0670893
0.0700038
0.0731343
0.0759999
0.0776194
0.077075
0.0742276
0.0697407
0.0645218
0.0590409
0.0537661
0.0499972
0.0498745
0.0542515
0.0612868
0.0686472
0.0748123
0.079244
0.0829171
0.0870556
0.0915246
0.0956476
0.099244
0.102307
0.104297
0.104887
0.104083
0.102114
0.0991559
0.0957332
0.0931415
0.0921822
0.0924131
0.0935186
0.0961566
0.100398
0.104684
0.108006
0.111363
0.116192
0.12208
0.127663
0.132213
0.135842
0.13932
0.144209
0.15125
0.15905
0.165675
0.169997
0.171909
0.172699
0.173543
0.174178
0.174485
0.175184
0.176755
0.178322
0.177968
0.174304
0.167104
0.157898
0.149386
0.143857
0.142103
0.143728
0.14795
0.152725
0.155359
0.154241
0.149688
0.143512
0.137444
0.132453
0.129107
0.127268
0.125716
0.124261
0.124298
0.12599
0.127545
0.127839
0.127563
0.127223
0.126003
0.122612
0.116043
0.107402
0.0996613
0.0946057
0.0911288
0.0879887
0.086101
0.0861858
0.0871066
0.0869883
0.0845765
0.080332
0.0759341
0.0726894
0.0707708
0.0692253
0.0677967
0.0673552
0.0677398
0.0679558
0.0688178
0.071546
0.0752731
0.0786165
0.0810994
0.0830899
0.0849051
0.0869613
0.0898015
0.093374
0.0968211
0.0994587
0.101678
0.104413
0.107392
0.109176
0.108986
0.107435
0.105807
0.105407
0.107358
0.112139
0.118782
0.125717
0.13184
0.136534
0.139513
0.140756
0.141213
0.141748
0.141521
0.139569
0.136935
0.135535
0.135429
0.135145
0.133488
0.130295
0.126396
0.122587
0.118823
0.115263
0.112688
0.11167
0.112236
0.11412
0.1164
0.118268
0.119361
0.120046
0.121602
0.124622
0.128397
0.132134
0.13583
0.139271
0.141692
0.142627
0.142488
0.14267
0.143429
0.143622
0.143243
0.143519
0.145074
0.147254
0.14901
0.149856
0.149595
0.148601
0.148588
0.151113
0.154992
0.157645
0.15743
0.153972
0.148428
0.142662
0.137614
0.133054
0.128425
0.123473
0.119087
0.115971
0.112987
0.108684
0.103404
0.0983755
0.0939151
0.0897137
0.0857421
0.0825648
0.0802515
0.0781173
0.0754251
0.071597
0.0665102
0.0614348
0.0583949
0.0578194
0.058956
0.0613461
0.0643785
0.067248
0.0692555
0.0704761
0.0717015
0.0727426
0.0729422
0.0726158
0.0727776
0.0741964
0.076586
0.0786544
0.0792402
0.0781768
0.076127
0.073718
0.0726948
0.0757242
0.0833915
0.0935066
0.103084
0.110102
0.114478
0.117431
0.119815
0.121544
0.122962
0.125622
0.130501
0.136444
0.141152
0.143526
0.143434
0.140839
0.136257
0.131574
0.129249
0.130078
0.133212
0.137073
0.139787
0.140386
0.139187
0.137014
0.134289
0.13062
0.125621
0.120554
0.117669
0.117753
0.119282
0.119651
0.117505
0.114141
0.111854
0.112114
0.115618
0.121384
0.127368
0.132678
0.137142
0.139802
0.139857
0.137686
0.134297
0.130797
0.127751
0.124552
0.121053
0.118264
0.117009
0.117981
0.120749
0.123362
0.124779
0.125054
0.124282
0.123324
0.12306
0.122748
0.121189
0.118732
0.116472
0.114621
0.112337
0.108861
0.104181
0.0985386
0.0919393
0.0853317
0.0801273
0.0762137
0.0727299
0.069431
0.0660494
0.0622762
0.0582132
0.0540672
0.0496829
0.0449857
0.0400863
0.0350538
0.0305293
0.0276011
0.0265691
0.0267032
0.0268429
0.026587
0.0260855
0.0253084
0.0247653
0.0257111
0.028668
0.0330358
0.0378449
0.0424635
0.0472135
0.052857
0.0594334
0.0660518
0.0718966
0.076733
0.0795787
0.0790927
0.075295
0.0699679
0.0655878
0.063673
0.0642344
0.0664955
0.0693406
0.0716036
0.0729761
0.0738273
0.0740594
0.0734453
0.0725442
0.0724522
0.0744087
0.0787349
0.0849165
0.0927315
0.101747
0.11103
0.120963
0.132319
0.144385
0.155033
0.162461
0.167063
0.170189
0.171821
0.17143
0.169607
0.167871
0.167806
0.170038
0.172868
0.173628
0.171724
0.168904
0.16699
0.166202
0.165354
0.162683
0.157369
0.150462
0.14356
0.137444
0.132508
0.129459
0.128489
0.129074
0.13015
0.1305
0.129986
0.129246
0.128845
0.128389
0.12684
0.123587
0.119035
0.113956
0.108808
0.103524
0.0982792
0.0941344
0.0918264
0.090961
0.0899876
0.0874142
0.0827811
0.0768449
0.070532
0.0650319
0.0622237
0.0622975
0.0633727
0.0633572
0.0609818
0.056049
0.0492143
0.0415798
0.0347609
0.0300131
0.0271126
0.0251937
0.0237415
0.0219019
0.0188787
0.0156595
0.013899
0.0134592
0.0132342
0.0131903
0.0139955
0.0158719
0.018466
0.0210878
0.0228504
0.0232251
0.02249
0.0210244
0.0193167
0.0192485
0.0234176
0.0310862
0.0397398
0.0480552
0.0561005
0.0643071
0.0720212
0.0779193
0.0811932
0.0819138
0.0810354
0.0794263
0.0772513
0.0753861
0.0760213
0.0808403
0.0888259
0.0968417
0.102836
0.107483
0.112108
0.116465
0.119089
0.119664
0.119326
0.119123
0.119628
0.121403
0.124561
0.128106
0.130869
0.132608
0.133587
0.133804
0.133191
0.13239
0.132991
0.13549
0.137786
0.137689
0.135019
0.131138
0.12806
0.126851
0.12652
0.126041
0.125829
0.127055
0.130609
0.136453
0.143606
0.150013
0.153356
0.152976
0.149865
0.145745
0.142276
0.14084
0.141837
0.144473
0.147851
0.151206
0.153539
0.154475
0.154723
0.15542
0.157036
0.159152
0.160992
0.162144
0.162416
0.16109
0.157127
0.150255
0.141924
0.134647
0.130339
0.128963
0.128422
0.126409
0.12221
0.116741
0.111786
0.108549
0.106117
0.102398
0.0967183
0.090126
0.0830902
0.0755092
0.0679279
0.0603007
0.0521287
0.0432143
0.0339319
0.0253005
0.0181934
0.0128715
0.00950095
0.00883397
0.0112162
0.0157556
0.0211439
0.0265347
0.0314824
0.0356086
0.0383896
0.0395211
0.0393466
0.0380209
0.0357732
0.0332572
0.0306895
0.0283782
0.0280888
0.0311608
0.0354662
0.0386626
0.0411578
0.0439228
0.0474375
0.0523626
0.0591746
0.0670419
0.0741142
0.0797185
0.0843608
0.0883039
0.0920967
0.0971928
0.103736
0.11007
0.115118
0.118605
0.12036
0.121175
0.122246
0.12353
0.12415
0.124384
0.126074
0.129982
0.135297
0.140725
0.14461
0.146419
0.146633
0.144966
0.141312
0.137512
0.135847
0.13633
0.136974
0.136074
0.133648
0.130396
0.126583
0.122586
0.119474
0.118762
0.120727
0.124042
0.126928
0.128183
0.127597
0.125586
0.12296
0.120953
0.120942
0.123438
0.127705
0.132504
0.136433
0.138815
0.140218
0.141473
0.14222
0.141075
0.136806
0.129523
0.121066
0.114664
0.112266
0.11192
0.110145
0.105936
0.100404
0.0945801
0.0889349
0.0845587
0.0820871
0.0804873
0.0792588
0.0792657
0.0803985
0.0814103
0.081163
0.0794921
0.0774676
0.0757807
0.0735091
0.0691964
0.0625729
0.0550425
0.0484821
0.0438483
0.0404835
0.0373407
0.0344999
0.0332595
0.0344781
0.0376032
0.0415795
0.0455788
0.0491225
0.0525033
0.0563265
0.0605727
0.0641858
0.0657559
0.0647577
0.0621091
0.0593196
0.0572066
0.0555362
0.0538971
0.0532239
0.0548627
0.0594269
0.0667606
0.075065
0.082156
0.0860085
0.0858341
0.0837092
0.0829637
0.0852534
0.0899287
0.0957576
0.101957
0.108399
0.11435
0.118716
0.12152
0.123737
0.126625
0.130546
0.134498
0.137202
0.138858
0.141053
0.144133
0.146609
0.147592
0.148056
0.148963
0.150016
0.15071
0.151524
0.153217
0.155518
0.157673
0.159163
0.160277
0.162009
0.16452
0.166776
0.168308
0.169769
0.172123
0.175675
0.17904
0.17966
0.17607
0.169007
0.159981
0.150263
0.140923
0.132791
0.126808
0.123739
0.123522
0.124256
0.123662
0.121575
0.118845
0.115559
0.111174
0.106146
0.101838
0.099238
0.098253
0.0976119
0.0961908
0.0942915
0.0927691
0.0919738
0.0923502
0.0946768
0.0986062
0.101887
0.102575
0.100627
0.09721
0.0931776
0.0887636
0.0843838
0.0799349
0.0746386
0.0685752
0.0631453
0.0591
0.0560279
0.0532177
0.0496345
0.0451458
0.0409072
0.0381777
0.0372357
0.0375926
0.038245
0.038149
0.0369056
0.0348517
0.0326044
0.0307249
0.029419
0.0288067
0.0291628
0.0308946
0.0337634
0.0366497
0.0384836
0.039166
0.0397926
0.0421226
0.0470242
0.0526814
0.0562843
0.0572117
0.0579349
0.0614281
0.0667506
0.0709524
0.0733374
0.0753228
0.0779502
0.0809236
0.0838203
0.086369
0.0883086
0.0902504
0.0934337
0.098156
0.103233
0.107969
0.113795
0.121593
0.129884
0.136838
0.141608
0.144159
0.145282
0.146216
0.147383
0.148166
0.148713
0.150331
0.153251
0.156132
0.158206
0.159927
0.16161
0.163118
0.164109
0.164357
0.163463
0.160887
0.157019
0.153565
0.152373
0.153813
0.156134
0.156891
0.1556
0.152911
0.148819
0.143591
0.138138
0.133207
0.128428
0.123191
0.117472
0.111889
0.107693
0.105466
0.104275
0.102522
0.0992705
0.0948175
0.0910528
0.0902836
0.0923423
0.0947079
0.0949155
0.0920711
0.0865948
0.0795613
0.0721412
0.0653444
0.0604251
0.057401
0.0547779
0.0511681
0.046404
0.0410301
0.0356371
0.0307426
0.026386
0.0220721
0.0174328
0.0135702
0.0130285
0.0161613
0.0202068
0.0232864
0.0250618
0.0259427
0.0261827
0.0258767
0.0254882
0.0249097
0.0237989
0.0222801
0.0203052
0.0178514
0.0156474
0.0148242
0.014749
0.0141678
0.0132117
0.012113
0.0108519
0.0109591
0.0140273
0.0192207
0.0253914
0.0319282
0.0387453
0.0460988
0.0539491
