1
0.961731
0.870129
0.764067
0.666691
0.585348
0.51965
0.467196
0.425784
0.393078
0.365294
0.338488
0.311607
0.286501
0.265159
0.247165
0.231292
0.217203
0.204691
0.192718
0.179689
0.164931
0.150185
0.138377
0.132077
0.131726
0.134869
0.138831
0.141988
0.143899
0.144744
0.144695
0.14368
0.141388
0.137473
0.131268
0.122468
0.112172
0.102262
0.0938096
0.0870254
0.0821001
0.0792055
0.0783321
0.0781032
0.0771115
0.0752103
0.0725045
0.0693539
0.0660859
0.0628496
0.0603303
0.058827
0.0577242
0.0561175
0.0531887
0.0490114
0.0445993
0.0411208
0.0391027
0.038018
0.0372265
0.0369642
0.0378734
0.0402234
0.0442023
0.0505459
0.0594819
0.0694021
0.0786511
0.0860242
0.0901247
0.0905856
0.0889407
0.0875544
0.0881127
0.0907797
0.0957526
0.103505
0.112539
0.120438
0.125924
0.129172
0.131811
0.13532
0.139459
0.143512
0.147991
0.153002
0.156609
0.157814
0.158252
0.160349
0.165171
0.172081
0.179162
0.185672
0.192298
0.198281
0.201864
0.202605
0.201407
0.199275
0.197497
0.19716
0.198493
0.200945
0.203558
0.205941
0.208632
0.212446
0.217154
0.22161
0.224638
0.225494
0.224074
0.220956
0.216898
0.212669
0.208901
0.204835
0.198996
0.191816
0.185545
0.181445
0.178504
0.175524
0.171869
0.167299
0.162412
0.15844
0.156345
0.15567
0.155242
0.155082
0.155476
0.155259
0.153513
0.150791
0.147405
0.142815
0.137077
0.130697
0.123424
0.115932
0.109983
0.105756
0.101653
0.0961836
0.0889821
0.0805271
0.0711284
0.0617322
0.0546727
0.0511357
0.0498052
0.0484318
0.045391
0.0404434
0.0345531
0.0292179
0.025711
0.0240882
0.0234147
0.0226527
0.0207248
0.0167671
0.0108913
0.00634847
0.0107808
0.0185075
0.0252676
0.0301891
0.0338358
0.0371529
0.041218
0.0471437
0.0561216
0.0677849
0.0800224
0.0902508
0.0970871
0.101522
0.105201
0.108895
0.113012
0.11778
0.122282
0.125089
0.126367
0.128143
0.132373
0.138599
0.144853
0.150267
0.15522
0.160157
0.164572
0.167414
0.16869
0.169754
0.171329
0.172048
0.170921
0.168984
0.167222
0.165799
0.164533
0.162606
0.160155
0.159292
0.161116
0.164063
0.166758
0.16939
0.172088
0.174656
0.176998
0.179157
0.181461
0.184499
0.188041
0.191102
0.19357
0.19606
0.198424
0.200221
0.201624
0.203373
0.206199
0.209728
0.212534
0.213772
0.212799
0.208223
0.199529
0.187991
0.175348
0.163262
0.153501
0.146594
0.141414
0.136502
0.13116
0.125659
0.120408
0.115968
0.113436
0.113509
0.11491
0.115384
0.114321
0.112621
0.109993
0.105464
0.0996935
0.0941753
0.0890534
0.0841544
0.0804671
0.0791092
0.080145
0.0816539
0.0810297
0.0777001
0.0739334
0.0729533
0.0753607
0.0789795
0.0817172
0.0827147
0.0820211
0.0802508
0.0783288
0.0768919
0.0752664
0.072919
0.070975
0.0709224
0.0731641
0.0764659
0.0797644
0.0832748
0.0873383
0.091764
0.0961428
0.100057
0.103249
0.106637
0.111468
0.117101
0.121343
0.122864
0.122571
0.122391
0.123102
0.123869
0.123806
0.123554
0.124371
0.126535
0.129331
0.132253
0.136521
0.142468
0.148106
0.151487
0.151566
0.149273
0.14692
0.145698
0.14564
0.146328
0.146761
0.146478
0.146373
0.147525
0.150776
0.156328
0.162765
0.16805
0.17071
0.17071
0.169816
0.169452
0.169265
0.168317
0.16686
0.166024
0.165478
0.164292
0.163209
0.163288
0.164788
0.167539
0.170734
0.173602
0.175644
0.175891
0.173652
0.169205
0.163741
0.158666
0.154684
0.151372
0.147574
0.142848
0.138064
0.13366
0.128745
0.12275
0.115891
0.107984
0.0988592
0.0895382
0.0816997
0.076783
0.0749446
0.0749526
0.0753178
0.0757742
0.0774332
0.0812416
0.0864654
0.0911523
0.0938948
0.0946607
0.0938997
0.0915938
0.0880607
0.0848112
0.08402
0.0862609
0.0905045
0.0955385
0.100247
0.103487
0.104785
0.104507
0.102937
0.100201
0.0971098
0.0944693
0.0921659
0.0901307
0.0886196
0.0873802
0.0863761
0.0862971
0.0875236
0.0892215
0.0903723
0.0908702
0.0911119
0.0911992
0.0911811
0.0914264
0.093008
0.0972074
0.103289
0.109017
0.113547
0.117161
0.120036
0.122063
0.123026
0.123736
0.125911
0.129852
0.133978
0.136932
0.139255
0.14189
0.144949
0.148177
0.151342
0.154238
0.156249
0.156985
0.157398
0.158609
0.160358
0.161336
0.160568
0.157828
0.153548
0.148997
0.145385
0.143129
0.141975
0.142321
0.145005
0.148704
0.150903
0.151206
0.150886
0.15047
0.149407
0.147493
0.144407
0.140444
0.13758
0.137414
0.140091
0.144342
0.148437
0.151968
0.15546
0.15824
0.158738
0.156759
0.154136
0.152315
0.151175
0.149629
0.146797
0.143005
0.139321
0.135822
0.131316
0.125253
0.118503
0.11256
0.108936
0.107974
0.108979
0.110597
0.111056
0.108821
0.102859
0.0933159
0.0817618
0.0704066
0.0622499
0.0596296
0.0611401
0.063115
0.0637107
0.0639063
0.0651223
0.0674937
0.0704258
0.0735755
0.0764581
0.0780854
0.0775333
0.0746632
0.0701455
0.0648954
0.0593906
0.0541084
0.0503556
0.0502661
0.0546714
0.0617193
0.0690777
0.075228
0.0796366
0.0832855
0.0873994
0.0918402
0.0959316
0.0994958
0.102528
0.104491
0.105061
0.104244
0.102269
0.0993111
0.0958953
0.0933135
0.092359
0.0925884
0.0936916
0.0963271
0.100559
0.104829
0.10813
0.111468
0.11628
0.122153
0.127722
0.132261
0.135885
0.139359
0.144245
0.151281
0.159073
0.165688
0.169996
0.171893
0.172668
0.173501
0.17413
0.174436
0.175137
0.176713
0.178284
0.177932
0.174271
0.167074
0.157874
0.149371
0.143852
0.142109
0.143744
0.147977
0.152766
0.155417
0.154315
0.149773
0.143599
0.137524
0.132523
0.129169
0.127324
0.125768
0.124313
0.124358
0.126071
0.127657
0.127984
0.127737
0.127423
0.126224
0.122851
0.116296
0.10766
0.0999131
0.0948477
0.0913667
0.0882271
0.0863403
0.0864303
0.0873673
0.0872748
0.0848896
0.0806646
0.0762786
0.0730417
0.0711327
0.0695997
0.0681817
0.0677486
0.0681431
0.0683719
0.069249
0.0719938
0.0757353
0.079087
0.0815726
0.0835628
0.0853749
0.0874234
0.0902494
0.0938021
0.0972262
0.0998391
0.102034
0.104744
0.107694
0.109444
0.109217
0.107633
0.105982
0.10557
0.107514
0.112294
0.118936
0.125869
0.131985
0.136667
0.139626
0.140845
0.141277
0.141791
0.141549
0.139586
0.136948
0.13555
0.135445
0.13516
0.133501
0.130307
0.126403
0.122584
0.11881
0.115246
0.112673
0.111659
0.112223
0.114098
0.116365
0.118219
0.119301
0.119979
0.121533
0.124554
0.128332
0.132075
0.135778
0.139225
0.141649
0.142585
0.142445
0.142625
0.143384
0.143575
0.143193
0.14346
0.145005
0.147178
0.148935
0.149788
0.149542
0.148564
0.148568
0.151109
0.155003
0.157672
0.157475
0.154036
0.148506
0.14275
0.137712
0.133161
0.128541
0.123596
0.119211
0.116099
0.113124
0.108834
0.103569
0.0985525
0.0941016
0.0899043
0.0859306
0.0827488
0.080434
0.078302
0.075614
0.0717908
0.0667076
0.0616335
0.0585955
0.0580254
0.0591685
0.0615665
0.0646107
0.0674961
0.0695211
0.0707595
0.0720038
0.0730642
0.0732795
0.0729628
0.0731304
0.0745539
0.0769452
0.0790079
0.0795772
0.078489
0.0764131
0.073985
0.0729562
0.075992
0.0836683
0.0937863
0.103356
0.11036
0.114719
0.117655
0.120021
0.121727
0.123124
0.125765
0.130625
0.136543
0.141225
0.143576
0.143464
0.140855
0.136265
0.131581
0.129261
0.130093
0.133223
0.137072
0.139769
0.140354
0.139144
0.136965
0.134241
0.130578
0.12559
0.120533
0.117652
0.117729
0.119245
0.1196
0.11744
0.114068
0.111779
0.112041
0.115546
0.121311
0.12729
0.132599
0.137066
0.139731
0.139787
0.137611
0.134211
0.130696
0.127638
0.124432
0.120928
0.118132
0.116868
0.117831
0.1206
0.123224
0.124661
0.12496
0.12421
0.12327
0.123018
0.122718
0.121174
0.118734
0.116492
0.114662
0.112403
0.108953
0.104298
0.0986784
0.092098
0.0855057
0.0803173
0.076424
0.0729621
0.0696852
0.0663266
0.0625782
0.0585429
0.054427
0.0500727
0.0454033
0.0405296
0.0355194
0.0310101
0.0280901
0.0270681
0.027224
0.0273935
0.0271615
0.02667
0.0258864
0.0253267
0.0262548
0.0291927
0.0335341
0.0383055
0.0428793
0.0475855
0.0531867
0.0597158
0.0662775
0.072059
0.0768273
0.0796
0.0790413
0.075183
0.069821
0.0654393
0.0635481
0.0641407
0.0664273
0.0692866
0.0715535
0.0729248
0.0737725
0.0739997
0.0733829
0.0724831
0.0723942
0.0743523
0.0786754
0.0848491
0.0926535
0.10166
0.110941
0.120876
0.132234
0.144295
0.154928
0.162335
0.166915
0.170026
0.171648
0.171253
0.169426
0.167689
0.167625
0.169861
0.172695
0.173456
0.171547
0.168721
0.166805
0.166021
0.165182
0.16252
0.157212
0.150304
0.143399
0.137278
0.132338
0.12929
0.128327
0.128923
0.130013
0.13038
0.129879
0.129147
0.128753
0.128309
0.126775
0.123537
0.118998
0.113929
0.108783
0.103497
0.0982468
0.0940948
0.091781
0.0909185
0.0899601
0.0874103
0.0828032
0.0768892
0.0705912
0.065093
0.0622748
0.0623425
0.0634287
0.0634433
0.0611122
0.0562273
0.0494335
0.0418216
0.0349982
0.0302236
0.0272916
0.0253495
0.0238927
0.0220772
0.0190893
0.0158833
0.0141253
0.0137323
0.0136052
0.0136678
0.0145364
0.0163883
0.018876
0.0213539
0.0229742
0.0232379
0.0224364
0.0209477
0.0192721
0.0193085
0.0235873
0.0312967
0.0399432
0.0482304
0.0562395
0.0644014
0.0720575
0.0778862
0.081089
0.0817478
0.0808234
0.0791847
0.0769968
0.0751409
0.0758078
0.0806624
0.0886647
0.0966768
0.102662
0.107305
0.11193
0.116285
0.118904
0.119474
0.119128
0.118911
0.119397
0.121157
0.124306
0.127844
0.130603
0.132339
0.133318
0.133536
0.132925
0.132131
0.132737
0.135234
0.137517
0.137403
0.134714
0.130814
0.127716
0.126492
0.126149
0.125664
0.125451
0.126681
0.130245
0.136095
0.143251
0.149659
0.153005
0.152631
0.149529
0.145415
0.141946
0.140502
0.14149
0.144122
0.1475
0.150851
0.153177
0.154105
0.154349
0.155043
0.15666
0.158779
0.160624
0.16179
0.162085
0.16079
0.156857
0.15001
0.14169
0.134413
0.130105
0.128735
0.12821
0.126221
0.122044
0.116591
0.111648
0.108431
0.106035
0.102367
0.0967398
0.0901986
0.0832151
0.0756869
0.068157
0.0605848
0.0524747
0.0436264
0.0344076
0.0258335
0.0187771
0.013496
0.0101201
0.0093222
0.0114967
0.0158531
0.0210931
0.0263652
0.0312164
0.0352635
0.0379826
0.0390741
0.0388811
0.0375495
0.0353005
0.0327851
0.0302261
0.0279483
0.0277351
0.0308906
0.0352355
0.0384453
0.0409552
0.0437404
0.0472801
0.0522312
0.0590607
0.0669281
0.0739878
0.0795799
0.0842134
0.0881502
0.0919416
0.0970395
0.103579
0.109902
0.114933
0.118401
0.120138
0.12094
0.122003
0.123278
0.123884
0.124106
0.125789
0.129692
0.135001
0.140414
0.144276
0.146062
0.146262
0.144586
0.140925
0.137122
0.135455
0.135933
0.136566
0.135654
0.133221
0.129974
0.126174
0.122192
0.119092
0.118389
0.120363
0.123684
0.126573
0.12783
0.127247
0.12524
0.122616
0.12061
0.120602
0.123101
0.127375
0.132183
0.136123
0.138515
0.139924
0.141181
0.141931
0.140793
0.136536
0.129266
0.120815
0.11441
0.11201
0.111671
0.109908
0.10571
0.100186
0.0943716
0.0887354
0.0843611
0.0818833
0.0802743
0.0790332
0.0790276
0.0801588
0.0811838
0.0809615
0.0793211
0.0773286
0.0756825
0.0734692
0.0692305
0.0626844
0.055223
0.0487208
0.0441454
0.0408502
0.0377829
0.0350073
0.0338138
0.0350588
0.0381775
0.0421046
0.0460215
0.0494713
0.0527644
0.0565099
0.0606823
0.0642183
0.0657094
0.0646394
0.0619358
0.0591119
0.0569821
0.0553073
0.0536786
0.0530345
0.0547123
0.0593099
0.0666553
0.0749462
0.082009
0.0858304
0.0856344
0.0835061
0.0827727
0.0850731
0.089745
0.0955601
0.101745
0.108174
0.11411
0.118461
0.121259
0.123481
0.126377
0.130303
0.134249
0.136944
0.138594
0.140787
0.143867
0.14634
0.147319
0.147779
0.148684
0.14973
0.150414
0.151214
0.152892
0.155177
0.157321
0.158809
0.159926
0.161666
0.164186
0.166454
0.167999
0.169468
0.171822
0.175367
0.178723
0.179339
0.175752
0.168702
0.159696
0.150001
0.140676
0.132546
0.126551
0.123465
0.123236
0.123967
0.123378
0.1213
0.11858
0.115305
0.110926
0.105896
0.101577
0.0989615
0.0979632
0.0973127
0.0958823
0.0939688
0.0924282
0.0916141
0.0919712
0.094281
0.0982052
0.101498
0.10221
0.100293
0.0969089
0.0929078
0.0885179
0.0841548
0.0797221
0.0744436
0.068392
0.0629618
0.0589083
0.0558263
0.053015
0.0494424
0.0449641
0.0407237
0.0379872
0.0370512
0.0374386
0.0381495
0.038141
0.037011
0.0350904
0.0329841
0.0312252
0.029972
0.0293259
0.0296012
0.031249
0.0340379
0.0368449
0.0386064
0.0392369
0.0398408
0.0421697
0.0470651
0.052693
0.056255
0.0571542
0.0578767
0.0613807
0.066699
0.0708839
0.0732551
0.0752361
0.077864
0.0808385
0.0837363
0.0862832
0.0882173
0.090155
0.0933387
0.0980607
0.103135
0.107872
0.113708
0.121515
0.129807
0.136752
0.141508
0.144044
0.145152
0.146073
0.147226
0.147993
0.148527
0.150133
0.153043
0.155915
0.157982
0.159698
0.161375
0.162877
0.163859
0.164101
0.163203
0.160623
0.156749
0.153285
0.152084
0.153521
0.155843
0.156604
0.155319
0.15264
0.148562
0.143348
0.13791
0.13299
0.128218
0.122984
0.117263
0.111677
0.107477
0.10525
0.104062
0.102315
0.0990671
0.0946106
0.0908363
0.0900605
0.0921258
0.0945131
0.0947517
0.0919401
0.0864925
0.0794782
0.0720651
0.065261
0.0603254
0.057291
0.0546741
0.0510841
0.0463427
0.0409856
0.0355963
0.0306887
0.0263057
0.0219565
0.0172598
0.0132759
0.0125833
0.0156514
0.0196765
0.0227458
0.0245188
0.0254057
0.0256579
0.0253647
0.024984
0.0244068
0.0232919
0.0217685
0.0197927
0.0173411
0.0151469
0.0143531
0.0143128
0.0137628
0.0128444
0.0117963
0.0106271
0.0109071
0.0141336
0.0194031
0.0256006
0.0321407
0.0389502
0.0462884
0.0541181
