1
0.98609
0.948806
0.897469
0.840974
0.785088
0.732639
0.684917
0.642498
0.605689
0.574659
0.549172
0.528618
0.51221
0.499062
0.488349
0.479432
0.471693
0.464485
0.457218
0.449447
0.440934
0.431601
0.421517
0.410857
0.399598
0.387439
0.3741
0.359523
0.343976
0.327974
0.311995
0.296208
0.280506
0.264808
0.24927
0.234181
0.219763
0.206132
0.193295
0.181333
0.170567
0.161496
0.154532
0.14961
0.146086
0.143207
0.140652
0.138483
0.136728
0.135176
0.133398
0.13099
0.127842
0.124113
0.120025
0.115597
0.110506
0.104305
0.0968515
0.0886127
0.0806871
0.0743552
0.0703973
0.0687931
0.0690347
0.0706085
0.0731791
0.0764451
0.0800277
0.0835103
0.0865316
0.0889557
0.0910289
0.0931927
0.0956225
0.0979618
0.0995328
0.0997919
0.0985871
0.096102
0.092693
0.0887287
0.0845027
0.0802618
0.0762204
0.0726309
0.0699379
0.0685995
0.0686926
0.0699216
0.0719538
0.0746183
0.0778174
0.0813171
0.0847166
0.0876016
0.0896193
0.0904593
0.0898535
0.0876265
0.0837507
0.0783563
0.071757
0.0645642
0.0575963
0.0516449
0.0474071
0.0454393
0.0458448
0.048155
0.0518301
0.056665
0.062568
0.0692449
0.0762954
0.0834489
0.0905921
0.0975883
0.104146
0.109779
0.113982
0.116618
0.118063
0.118848
0.1192
0.118974
0.117888
0.115834
0.113111
0.110345
0.10816
0.107001
0.107185
0.108832
0.111722
0.115254
0.118673
0.121451
0.123569
0.125481
0.127837
0.131217
0.135905
0.141759
0.148365
0.15525
0.161977
0.168225
0.173769
0.178298
0.181383
0.182619
0.18184
0.179278
0.175544
0.171445
0.167765
0.165128
0.164013
0.164714
0.167234
0.171297
0.176515
0.182587
0.189377
0.196772
0.204482
0.212003
0.218793
0.224491
0.228932
0.232015
0.23368
0.23395
0.23288
0.230521
0.226996
0.222598
0.217806
0.213188
0.209168
0.205879
0.203221
0.200999
0.198955
0.196832
0.194634
0.192803
0.191987
0.192579
0.194506
0.197421
0.200901
0.20445
0.207441
0.209204
0.209217
0.207243
0.203415
0.198237
0.192371
0.186374
0.180516
0.174767
0.169011
0.16325
0.15756
0.151935
0.146267
0.140454
0.134575
0.128956
0.124068
0.120335
0.117948
0.116803
0.1166
0.116997
0.117684
0.118399
0.118838
0.118661
0.117666
0.115906
0.113526
0.110578
0.107023
0.102862
0.0981874
0.0931194
0.0876616
0.0815803
0.0745377
0.0663827
0.0572858
0.0476647
0.0381549
0.0299012
0.024974
0.0254134
0.0303393
0.0370443
0.0437832
0.0500987
0.0562464
0.0625566
0.0689842
0.0750346
0.0799799
0.0831271
0.0840617
0.0827638
0.0795694
0.075047
0.0698489
0.0646299
0.0600881
0.0569362
0.0555789
0.0558292
0.0571979
0.059323
0.062025
0.0651635
0.0685539
0.0719976
0.0753428
0.078608
0.0819147
0.0852538
0.0884208
0.0910756
0.0928561
0.0934761
0.0927724
0.0907272
0.087532
0.0836115
0.0794733
0.0755165
0.071845
0.0682976
0.0645825
0.0603916
0.0556274
0.0505754
0.0458251
0.0419669
0.0392366
0.0374063
0.036009
0.0346052
0.0329915
0.0311928
0.0292396
0.0270488
0.0245858
0.0219941
0.01955
0.0175647
0.0163119
0.0159975
0.0167572
0.0186432
0.0216326
0.0255728
0.0301887
0.0351187
0.0400277
0.0447034
0.0490257
0.0530115
0.05682
0.0605523
0.0640581
0.0670265
0.0692739
0.0708758
0.0720557
0.0729644
0.0736706
0.074313
0.0751232
0.076285
0.0778336
0.0797185
0.0819216
0.0844134
0.0870695
0.0897659
0.0924612
0.0951592
0.0979034
0.100803
0.104038
0.10771
0.111677
0.115591
0.119163
0.122348
0.125278
0.127958
0.130084
0.131251
0.131262
0.130236
0.128566
0.126773
0.125265
0.124197
0.123582
0.123511
0.124209
0.125772
0.127967
0.130395
0.132776
0.135087
0.137485
0.140152
0.1432
0.146643
0.150354
0.154025
0.157255
0.159708
0.161204
0.161722
0.161374
0.160347
0.158801
0.156783
0.154338
0.151755
0.149564
0.148195
0.147697
0.147717
0.147685
0.14712
0.145986
0.144749
0.144003
0.144063
0.144855
0.146043
0.147249
0.148203
0.148687
0.14852
0.147594
0.145812
0.143091
0.13954
0.135638
0.132055
0.129213
0.127137
0.125651
0.124538
0.123473
0.121994
0.119693
0.116506
0.112823
0.109325
0.106611
0.104763
0.103294
0.101578
0.099234
0.0962291
0.0927685
0.0890737
0.0852399
0.0811963
0.0767436
0.07168
0.0659546
0.0597955
0.0536344
0.0478339
0.0425997
0.0382116
0.0351386
0.0336941
0.0335207
0.0336423
0.0331226
0.0315531
0.029106
0.0263914
0.0242863
0.0236101
0.0245937
0.0267525
0.0294552
0.0323178
0.0351326
0.0376869
0.039724
0.0411068
0.0419108
0.0423002
0.0423788
0.0421177
0.0413903
0.0401533
0.0386261
0.0372178
0.0362156
0.0355915
0.0351291
0.0346485
0.0341221
0.0336715
0.0334591
0.03349
0.0336307
0.0338513
0.0342945
0.0351362
0.0364436
0.0380637
0.0396642
0.0410257
0.0422889
0.0437758
0.0456172
0.0476337
0.049464
0.0507293
0.0512166
0.0510415
0.0506914
0.0508067
0.0518171
0.0537893
0.056553
0.0598641
0.063537
0.0675329
0.0719067
0.0766226
0.081458
0.0860609
0.0901073
0.0934843
0.0963006
0.0987785
0.101147
0.10361
0.106333
0.109435
0.112869
0.116237
0.118893
0.120394
0.120853
0.120766
0.120662
0.120998
0.122134
0.124154
0.126793
0.129577
0.132069
0.134027
0.13534
0.135911
0.135736
0.135072
0.134435
0.134387
0.135237
0.136881
0.138945
0.141063
0.143007
0.144713
0.146146
0.147165
0.147545
0.147106
0.145856
0.144133
0.142641
0.142178
0.143139
0.145301
0.148107
0.151121
0.154187
0.15729
0.16033
0.163081
0.165312
0.16686
0.16763
0.167614
0.166752
0.164818
0.161519
0.156794
0.15108
0.145251
0.140166
0.136181
0.133033
0.130276
0.12782
0.125983
0.125042
0.124819
0.124788
0.124497
0.123842
0.122953
0.121917
0.120749
0.119563
0.118666
0.118279
0.118228
0.118024
0.117179
0.115361
0.112485
0.108772
0.104722
0.100931
0.0978214
0.0955755
0.094211
0.0935031
0.0929097
0.091913
0.0903791
0.0884415
0.0862637
0.0839759
0.0815928
0.0789869
0.0761164
0.0731818
0.070431
0.0679608
0.0657885
0.0639131
0.0622692
0.0607703
0.0593307
0.0578146
0.0561244
0.0542989
0.0524157
0.0503927
0.0479082
0.044569
0.0402357
0.0354146
0.0314003
0.0297327
0.0310668
0.0348164
0.0400172
0.0459804
0.0522741
0.0585228
0.0644333
0.0698946
0.0749389
0.0795075
0.0833975
0.0865005
0.0889768
0.0911711
0.093378
0.0956624
0.0977692
0.0992437
0.0997273
0.0991193
0.0975058
0.0951439
0.0924795
0.0900772
0.0884814
0.0881451
0.0893176
0.0918414
0.0951
0.0982412
0.100456
0.101221
0.100494
0.0985958
0.0958471
0.0923705
0.0882098
0.0834756
0.0783834
0.0732814
0.0686555
0.0649917
0.0626264
0.0616437
0.0617518
0.062282
0.0625549
0.0623135
0.0618166
0.0615896
0.0621529
0.0638839
0.0668885
0.0708205
0.0749369
0.078437
0.0808083
0.0819547
0.0820411
0.0812783
0.0798801
0.0781814
0.0766893
0.0758999
0.0759987
0.0766977
0.0774143
0.0776585
0.0772671
0.0764587
0.0757811
0.0758497
0.0769687
0.0789957
0.0815803
0.0844251
0.0872876
0.0898799
0.091867
0.0930047
0.0932478
0.0927874
0.0920179
0.0914295
0.0913448
0.0916609
0.091891
0.0914896
0.090146
0.0878799
0.0849955
0.0819855
0.0793567
0.0774501
0.0763952
0.0762856
0.0774623
0.0804245
0.0852932
0.0915439
0.0983234
0.104898
0.110822
0.115852
0.119844
0.122785
0.12485
0.126304
0.127309
0.127829
0.127762
0.127061
0.125714
0.123742
0.121244
0.118362
0.115255
0.112179
0.109462
0.107395
0.106133
0.105616
0.105504
0.105321
0.104681
0.103509
0.102069
0.100774
0.0999776
0.0998726
0.100416
0.101361
0.102347
0.102958
0.102851
0.101936
0.100386
0.0984936
0.0964426
0.0942076
0.0916755
0.0888467
0.0859929
0.0836477
0.0823716
0.0825436
0.0842723
0.0872904
0.0909198
0.0943885
0.0973278
0.099976
0.102875
0.106387
0.110478
0.114754
0.118663
0.121698
0.123577
0.124358
0.124353
0.123951
0.123481
0.123156
0.123009
0.122881
0.122522
0.121787
0.120809
0.119961
0.119611
0.119889
0.120699
0.121901
0.123401
0.125152
0.127212
0.129711
0.132678
0.135918
0.139043
0.14157
0.143037
0.143163
0.141919
0.139492
0.136119
0.131984
0.127276
0.122264
0.117218
0.112293
0.107559
0.103095
0.0991284
0.0960663
0.0942629
0.0937576
0.094273
0.0953664
0.0965864
0.0977168
0.0988738
0.100238
0.101748
0.103138
0.104176
0.10478
0.104967
0.104716
0.10393
0.102501
0.100364
0.0974087
0.093345
0.0877537
0.080387
0.0714308
0.0615485
0.0518517
0.0438299
0.039018
0.0382905
0.0412782
0.0466597
0.0529941
0.0592363
0.0648001
0.0694239
0.0730503
0.075739
0.0775518
0.0785075
0.0786533
0.0781156
0.0770404
0.0755012
0.0733854
0.0703861
0.0661552
0.0605136
0.0535547
0.0455783
0.0369976
0.028348
0.0205603
0.0157723
0.0167851
0.0222015
0.0289043
0.0355227
0.0416028
0.047047
0.0518898
0.0560491
0.0592955
0.0615199
0.0629028
0.0637771
0.0644479
0.065068
0.0655129
0.065434
0.0645713
0.0630363
0.0613319
0.0603199
0.0612535
0.0651931
0.0720779
0.0807715
0.0899414
0.0986928
0.10671
0.114078
0.120942
0.127301
0.133098
0.138346
0.143045
0.147054
0.150063
0.151662
0.15148
0.149361
0.145445
0.140191
0.134276
0.128368
0.122895
0.118133
0.114585
0.112965
0.113608
0.11609
0.119544
